 -0.8091901E-03,  0.4441694E-03,  0.4785287E-02
 -0.9446204E-04,  0.3454820E-03,  0.4598520E-02
 -0.4554355E-03,  0.2939753E-03,  0.4498154E-02
 -0.1494940E-02,  0.8356981E-03,  0.3305107E-02
 -0.4409176E-03,  0.1174667E-03,  0.4453433E-02
 -0.7022705E-03,  0.4254838E-03,  0.4985330E-02
  0.1052473E-04,  0.3280915E-03,  0.4808181E-02
 -0.3550211E-03,  0.2725756E-03,  0.4719635E-02
 -0.1402714E-02,  0.8099589E-03,  0.3534325E-02
 -0.3565419E-03,  0.9092898E-04,  0.4678774E-02
 -0.6286165E-03,  0.4146577E-03,  0.5113641E-02
  0.8187031E-04,  0.3191214E-03,  0.4945044E-02
 -0.2869578E-03,  0.2586744E-03,  0.4868076E-02
 -0.1342540E-02,  0.7912639E-03,  0.3691590E-02
 -0.3054743E-03,  0.7232520E-04,  0.4832293E-02
 -0.5714163E-03,  0.4076962E-03,  0.5207189E-02
  0.1363824E-03,  0.3145883E-03,  0.5046043E-02
 -0.2344335E-03,  0.2482777E-03,  0.4980387E-02
 -0.1297595E-02,  0.7756337E-03,  0.3813859E-02
 -0.2709214E-03,  0.5768958E-04,  0.4950913E-02
 -0.5241618E-03,  0.4030441E-03,  0.5280323E-02
  0.1805690E-03,  0.3129410E-03,  0.5125495E-02
 -0.1909504E-03,  0.2398309E-03,  0.5070845E-02
 -0.1261347E-02,  0.7615244E-03,  0.3915470E-02
 -0.2463949E-03,  0.4549509E-04,  0.5048936E-02
 -0.4836446E-03,  0.3999269E-03,  0.5340162E-02
  0.2176420E-03,  0.3134016E-03,  0.5190475E-02
 -0.1533211E-03,  0.2325603E-03,  0.5146479E-02
 -0.1230557E-02,  0.7481681E-03,  0.4003523E-02
 -0.2287080E-03,  0.3499511E-04,  0.5133418E-02
 -0.4480478E-03,  0.3978993E-03,  0.5390782E-02
  0.2494259E-03,  0.3155132E-03,  0.5245017E-02
 -0.1197620E-03,  0.2260204E-03,  0.5211260E-02
 -0.1203363E-02,  0.7351204E-03,  0.4082073E-02
 -0.2160666E-03,  0.2577165E-04,  0.5208368E-02
 -0.4162448E-03,  0.3966787E-03,  0.5434760E-02
  0.2770577E-03,  0.3189735E-03,  0.5291644E-02
 -0.8919333E-04,  0.2199277E-03,  0.5267641E-02
 -0.1178579E-02,  0.7220930E-03,  0.4153670E-02
 -0.2073687E-03,  0.1756945E-04,  0.5276277E-02
 -0.3874916E-03,  0.3960712E-03,  0.5473849E-02
  0.3012954E-03,  0.3235614E-03,  0.5332050E-02
 -0.6093285E-04,  0.2140864E-03,  0.5317237E-02
 -0.1155391E-02,  0.7088799E-03,  0.4220037E-02
 -0.2018956E-03,  0.1022317E-04,  0.5338800E-02
 -0.3612735E-03,  0.3959352E-03,  0.5509312E-02
  0.3226701E-03,  0.3291002E-03,  0.5367432E-02
 -0.3454417E-04,  0.2083515E-03,  0.5361156E-02
 -0.1133194E-02,  0.6953198E-03,  0.4282409E-02
 -0.1991587E-03,  0.3621337E-05,  0.5397085E-02
 -0.3372231E-03,  0.3961596E-03,  0.5542107E-02
  0.3415687E-03,  0.3354372E-03,  0.5398672E-02
 -0.9755467E-05,  0.2026077E-03,  0.5400188E-02
 -0.1111511E-02,  0.6812749E-03,  0.4341712E-02
 -0.1988155E-03, -0.2313061E-05,  0.5451957E-02
 -0.3150718E-03,  0.3966511E-03,  0.5572995E-02
  0.3582820E-03,  0.3424328E-03,  0.5426441E-02
  0.1358687E-04,  0.1967568E-03,  0.5434906E-02
 -0.1089941E-02,  0.6666179E-03,  0.4398675E-02
 -0.2006202E-03, -0.7633694E-05,  0.5504023E-02
 -0.2946213E-03,  0.3973249E-03,  0.5602595E-02
  0.3730330E-03,  0.3499529E-03,  0.5451264E-02
  0.3554574E-04,  0.1907089E-03,  0.5465740E-02
 -0.1068124E-02,  0.6512229E-03,  0.4453895E-02
 -0.2043929E-03, -0.1237749E-04,  0.5553730E-02
 -0.2757253E-03,  0.3980974E-03,  0.5631436E-02
  0.3859963E-03,  0.3578651E-03,  0.5473554E-02
  0.5610972E-04,  0.1843765E-03,  0.5493014E-02
 -0.1045717E-02,  0.6349591E-03,  0.4507879E-02
 -0.2099988E-03, -0.1656864E-04,  0.5601412E-02
 -0.2582783E-03,  0.3988811E-03,  0.5659972E-02
  0.3973097E-03,  0.3660367E-03,  0.5493644E-02
  0.7520252E-04,  0.1776701E-03,  0.5516978E-02
 -0.1022376E-02,  0.6176843E-03,  0.4561077E-02
 -0.2173334E-03, -0.2022106E-04,  0.5647308E-02
 -0.2422080E-03,  0.3995790E-03,  0.5688602E-02
  0.4070828E-03,  0.3743339E-03,  0.5511797E-02
  0.9268745E-04,  0.1704942E-03,  0.5537829E-02
 -0.9977377E-03,  0.5992406E-03,  0.4613902E-02
 -0.2263120E-03, -0.2333987E-04,  0.5691585E-02
 -0.2274707E-03,  0.4000816E-03,  0.5717681E-02
  0.4154032E-03,  0.3826227E-03,  0.5528221E-02
  0.1083677E-03,  0.1627462E-03,  0.5555725E-02
 -0.9714031E-03,  0.5794483E-03,  0.4666744E-02
 -0.2368600E-03, -0.2592224E-04,  0.5734344E-02
 -0.2140479E-03,  0.4002635E-03,  0.5747517E-02
  0.4223419E-03,  0.3907698E-03,  0.5543075E-02
  0.1219821E-03,  0.1543153E-03,  0.5570802E-02
 -0.9429222E-03,  0.5581008E-03,  0.4719984E-02
 -0.2489054E-03, -0.2795800E-04,  0.5775632E-02
 -0.2019430E-03,  0.3999817E-03,  0.5778383E-02
  0.4279570E-03,  0.3986444E-03,  0.5556474E-02
  0.1331963E-03,  0.1450853E-03,  0.5583184E-02
 -0.9117726E-03,  0.5349582E-03,  0.4774003E-02
 -0.2623718E-03, -0.2943001E-04,  0.5815443E-02
 -0.1911775E-03,  0.3990746E-03,  0.5810505E-02
  0.4322985E-03,  0.4061194E-03,  0.5568494E-02
  0.1415875E-03,  0.1349442E-03,  0.5593001E-02
 -0.8773375E-03,  0.5097416E-03,  0.4829182E-02
 -0.2771711E-03, -0.3031472E-04,  0.5853720E-02
 -0.1817848E-03,  0.3973603E-03,  0.5844073E-02
  0.4354127E-03,  0.4130719E-03,  0.5579181E-02
  0.1466237E-03,  0.1238035E-03,  0.5600419E-02
 -0.8388798E-03,  0.4821281E-03,  0.4885909E-02
 -0.2931973E-03, -0.3058283E-04,  0.5890358E-02
 -0.1738012E-03,  0.3946335E-03,  0.5879234E-02
  0.4373465E-03,  0.4193826E-03,  0.5588551E-02
  0.1476432E-03,  0.1116403E-03,  0.5605694E-02
 -0.7955141E-03,  0.4517487E-03,  0.4944567E-02
 -0.3103187E-03, -0.3020039E-04,  0.5925204E-02
 -0.1672517E-03,  0.3906548E-03,  0.5916098E-02
  0.4381530E-03,  0.4249324E-03,  0.5596600E-02
  0.1438586E-03,  0.9857637E-04,  0.5609254E-02
 -0.7461830E-03,  0.4181965E-03,  0.5005515E-02
 -0.3283722E-03, -0.2913033E-04,  0.5958056E-02
 -0.1621281E-03,  0.3851306E-03,  0.5954744E-02
  0.4378966E-03,  0.4295970E-03,  0.5603307E-02
  0.1344487E-03,  0.8500390E-04,  0.5611843E-02
 -0.6896528E-03,  0.3810536E-03,  0.5069042E-02
 -0.3471558E-03, -0.2733459E-04,  0.5988660E-02
 -0.1583590E-03,  0.3776732E-03,  0.5995212E-02
  0.4366598E-03,  0.4332383E-03,  0.5608645E-02
  0.1188583E-03,  0.7172467E-04,  0.5614642E-02
 -0.6245677E-03,  0.3399586E-03,  0.5135283E-02
 -0.3664233E-03, -0.2477680E-04,  0.6016710E-02
 -0.1557636E-03,  0.3677361E-03,  0.6037495E-02
  0.4345510E-03,  0.4356920E-03,  0.5612589E-02
  0.9736863E-04,  0.5993324E-04,  0.5619182E-02
 -0.5496375E-03,  0.2947472E-03,  0.5204054E-02
 -0.3858797E-03, -0.2142557E-04,  0.6041848E-02
 -0.1539877E-03,  0.3545168E-03,  0.6081476E-02
  0.4317137E-03,  0.4367510E-03,  0.5615124E-02
  0.7159113E-04,  0.5078875E-04,  0.5626780E-02
 -0.4640912E-03,  0.2457077E-03,  0.5274589E-02
 -0.4051792E-03, -0.1725844E-04,  0.6063653E-02
 -0.1524125E-03,  0.3368371E-03,  0.6126796E-02
  0.4283389E-03,  0.4361432E-03,  0.5616260E-02
  0.4409048E-04,  0.4470605E-04,  0.5637721E-02
 -0.3685433E-03,  0.1939669E-03,  0.5345121E-02
 -0.4239254E-03, -0.1226647E-04,  0.6081644E-02
 -0.1500424E-03,  0.3130602E-03,  0.6172529E-02
  0.4246800E-03,  0.4335026E-03,  0.5616050E-02
  0.1713990E-04,  0.4111507E-04,  0.5651096E-02
 -0.2662006E-03,  0.1419001E-03,  0.5412382E-02
 -0.4416773E-03, -0.6459968E-05,  0.6095272E-02
 -0.1454314E-03,  0.2812566E-03,  0.6216594E-02
  0.4210701E-03,  0.4283283E-03,  0.5614618E-02
  0.2119983E-03, -0.3879207E-04,  0.5550533E-02
 -0.1636437E-03,  0.9320108E-04,  0.5471350E-02
 -0.4579602E-03,  0.1242115E-06,  0.6103911E-02
 -0.1368574E-03,  0.2400934E-03,  0.6255017E-02
  0.4179378E-03,  0.4199277E-03,  0.5612201E-02
  0.1886105E-03, -0.4041158E-04,  0.5564715E-02
 -0.1533115E-03,  0.5148541E-04,  0.5598207E-02
 -0.4722839E-03,  0.7412512E-05,  0.6106858E-02
 -0.1231087E-03,  0.1907930E-03,  0.6282105E-02
  0.4158079E-03,  0.4073366E-03,  0.5609213E-02
  0.1668387E-03, -0.4206001E-04,  0.5577884E-02
 -0.7598069E-04,  0.2123772E-04,  0.5623909E-02
 -0.4841695E-03,  0.1528061E-04,  0.6103331E-02
 -0.4844072E-04,  0.2086516E-03,  0.5922361E-02
  0.4152588E-03,  0.3892078E-03,  0.5606332E-02
  0.1463696E-03, -0.4395889E-04,  0.5589594E-02
 -0.1936095E-04,  0.2753549E-05,  0.5629553E-02
 -0.4931855E-03,  0.2353485E-04,  0.6092492E-02
 -0.2764622E-04,  0.1606954E-03,  0.5917814E-02
  0.4167712E-03,  0.3636827E-03,  0.5604598E-02
  0.1269746E-03, -0.4609663E-04,  0.5599630E-02
  0.1635042E-04, -0.5358674E-05,  0.5617749E-02
 -0.4989913E-03,  0.3189119E-04,  0.6073497E-02
 -0.6853826E-05,  0.1212934E-03,  0.5902545E-02
  0.4203780E-03,  0.3283182E-03,  0.5605450E-02
  0.1085277E-03, -0.4831473E-04,  0.5607925E-02
  0.3320137E-04, -0.5829862E-05,  0.5592913E-02
 -0.5013817E-03,  0.3995919E-04,  0.6045595E-02
  0.1275156E-04,  0.9083358E-04,  0.5882295E-02
  0.4250935E-03,  0.2802943E-03,  0.5610530E-02
  0.9097493E-04, -0.5036701E-04,  0.5614501E-02
 -0.1026408E-03, -0.2714930E-03,  0.6148539E-02
 -0.5003218E-03,  0.4724636E-04,  0.6008297E-02
  0.3102118E-04,  0.6759301E-04,  0.5861189E-02
  0.4285010E-03,  0.2172524E-03,  0.5621034E-02
  0.7429123E-04, -0.5195995E-04,  0.5619442E-02
 -0.1158770E-03, -0.2657568E-03,  0.6110100E-02
 -0.4959568E-03,  0.5320500E-04,  0.5961593E-02
  0.4823995E-04,  0.4946125E-04,  0.5841608E-02
  0.4274456E-03,  0.1386855E-03,  0.5636883E-02
  0.5843708E-04, -0.5278282E-04,  0.5622872E-02
 -0.1412214E-03, -0.2610233E-03,  0.6069521E-02
 -0.4885924E-03,  0.5733927E-04,  0.5906197E-02
 -0.2821947E-04,  0.4250825E-03,  0.5591507E-02
 -0.2538513E-03,  0.4082173E-03,  0.5225806E-02
  0.4331983E-04, -0.5253461E-04,  0.5624940E-02
 -0.1774435E-03, -0.2597836E-03,  0.6029163E-02
 -0.4786664E-03,  0.5936655E-04,  0.5843706E-02
 -0.1213848E-04,  0.4121939E-03,  0.5578054E-02
 -0.2666543E-03,  0.3065129E-03,  0.5248193E-02
  0.2875990E-04, -0.5095357E-04,  0.5625809E-02
 -0.2235995E-03, -0.2645330E-03,  0.5991249E-02
 -0.4667562E-03,  0.5938752E-04,  0.5776591E-02
  0.3687681E-05,  0.4002269E-03,  0.5568229E-02
 -0.2821181E-03,  0.1989916E-03,  0.5272751E-02
  0.1446422E-04, -0.4785609E-04,  0.5625651E-02
 -0.2786173E-03, -0.2778773E-03,  0.5958152E-02
 -0.3165642E-03,  0.1841884E-03,  0.6421627E-02
  0.1935565E-04,  0.3884321E-03,  0.5562121E-02
 -0.2974959E-03,  0.8894507E-04,  0.5300012E-02
  0.1521726E-07, -0.4319238E-04,  0.5624652E-02
 -0.3407027E-03, -0.3024521E-03,  0.5932529E-02
 -0.3033886E-03,  0.1824389E-03,  0.6354626E-02
  0.3489853E-04,  0.3762429E-03,  0.5559723E-02
 -0.3113455E-03, -0.2106601E-04,  0.5330599E-02
  0.1516545E-03, -0.1221611E-03,  0.5701646E-02
 -0.4066794E-03, -0.3404714E-03,  0.5917134E-02
 -0.2915913E-03,  0.1817285E-03,  0.6292050E-02
  0.5029743E-04,  0.3632147E-03,  0.5560985E-02
 -0.3238177E-03, -0.1293739E-03,  0.5364498E-02
  0.1353539E-03, -0.1151195E-03,  0.5699759E-02
 -0.4716988E-03, -0.3928265E-03,  0.5914165E-02
 -0.2828093E-03,  0.1835773E-03,  0.6235786E-02
  0.6548432E-04,  0.3489789E-03,  0.5565843E-02
 -0.3363095E-03, -0.2354074E-03,  0.5400662E-02
  0.1175541E-03, -0.1078283E-03,  0.5698048E-02
 -0.5299997E-03, -0.4581216E-03,  0.5924279E-02
 -0.2785719E-03,  0.1894446E-03,  0.6186684E-02
  0.8033523E-04,  0.3332058E-03,  0.5574233E-02
 -0.3508572E-03, -0.3396503E-03,  0.5436850E-02
  0.9835915E-04, -0.1011355E-03,  0.5697072E-02
 -0.5767939E-03, -0.5325771E-03,  0.5946005E-02
 -0.2800106E-03,  0.2006093E-03,  0.6144688E-02
  0.9465190E-04,  0.3155705E-03,  0.5586102E-02
 -0.3694480E-03, -0.4431417E-03,  0.5469504E-02
  0.7836049E-04, -0.9571795E-04,  0.5697355E-02
  0.2583798E-03,  0.6046182E-03,  0.5232368E-02
 -0.2876861E-03,  0.2181159E-03,  0.6109130E-02
  0.1081272E-03,  0.2957181E-03,  0.5601412E-02
  0.4989480E-03,  0.6064242E-03,  0.6705900E-02
  0.5842782E-04, -0.9183864E-04,  0.5699224E-02
  0.2378918E-03,  0.5260166E-03,  0.5267777E-02
 -0.3015529E-03,  0.2427540E-03,  0.6079057E-02
  0.1202854E-03,  0.2732234E-03,  0.5620122E-02
  0.4704049E-03,  0.5043125E-03,  0.6716734E-02
  0.3937264E-04, -0.8934853E-04,  0.5702743E-02
  0.2275371E-03,  0.4503593E-03,  0.5305653E-02
 -0.3210209E-03,  0.2750402E-03,  0.6053491E-02
  0.1303810E-03,  0.2475433E-03,  0.5642148E-02
  0.4394653E-03,  0.4066708E-03,  0.6710385E-02
  0.2173821E-04, -0.8788009E-04,  0.5707774E-02
  0.2242837E-03,  0.3790423E-03,  0.5344326E-02
  0.1044149E-02, -0.7644848E-04,  0.4667148E-02
  0.1372288E-03,  0.2179726E-03,  0.5667248E-02
  0.4094822E-03,  0.3178502E-03,  0.6686589E-02
  0.5785576E-05, -0.8704534E-04,  0.5714072E-02
  0.2254411E-03,  0.3124994E-03,  0.5382955E-02
  0.1016819E-02, -0.2856375E-04,  0.4648433E-02
  0.1389370E-03,  0.1836440E-03,  0.5694740E-02
  0.3831915E-03,  0.2412585E-03,  0.6648461E-02
  0.4445526E-04, -0.2989732E-04,  0.5704323E-02
  0.2289208E-03,  0.2506733E-03,  0.5421233E-02
  0.9876329E-03,  0.2657835E-04,  0.4632645E-02
  0.1325770E-03,  0.1437381E-03,  0.5722830E-02
  0.3617474E-03,  0.1782123E-03,  0.6600533E-02
  0.3196324E-04, -0.2953161E-04,  0.5712369E-02
  0.2332350E-03,  0.1933214E-03,  0.5459134E-02
  0.9579735E-03,  0.8816376E-04,  0.4619829E-02
  0.1142095E-03,  0.9837099E-04,  0.5747274E-02
  0.3448960E-03,  0.1282833E-03,  0.6546816E-02
  0.2111082E-04, -0.2920952E-04,  0.5720934E-02
  0.2374135E-03,  0.1401714E-03,  0.5496760E-02
  0.9290615E-03,  0.1551117E-03,  0.4610195E-02
  0.3499100E-03,  0.1431344E-05,  0.6109562E-02
  0.3316347E-03,  0.9023111E-04,  0.6490000E-02
  0.1182143E-04, -0.2891149E-04,  0.5729817E-02
  0.2409204E-03,  0.9097525E-04,  0.5534238E-02
  0.9018864E-03,  0.2261786E-03,  0.4603995E-02
  0.3055401E-03, -0.3918781E-04,  0.6100449E-02
  0.3207499E-03,  0.6272878E-04,  0.6431503E-02
  0.4029920E-05, -0.2867244E-04,  0.5738841E-02
  0.2435859E-03,  0.4550313E-04,  0.5571678E-02
  0.8771963E-03,  0.3000750E-03,  0.4601397E-02
  0.2638556E-03, -0.6294352E-04,  0.6068182E-02
  0.3111030E-03,  0.4473081E-04,  0.6371792E-02
 -0.2313308E-05, -0.2856633E-04,  0.5747850E-02
  0.2455488E-03,  0.3507774E-05,  0.5609140E-02
  0.8555238E-03,  0.3755721E-03,  0.4602417E-02
  0.2375729E-03, -0.6803934E-04,  0.6022901E-02
  0.3017567E-03,  0.3561899E-04,  0.6310660E-02
 -0.7243231E-05, -0.2869513E-04,  0.5756707E-02
  0.2471962E-03, -0.3531437E-04,  0.5646626E-02
  0.9832034E-04, -0.6055667E-04,  0.5552822E-02
  0.2297392E-03, -0.5946500E-04,  0.5975362E-02
  0.2920496E-03,  0.3526206E-04,  0.6247397E-02
 -0.1078320E-04, -0.2918127E-04,  0.5765294E-02
  0.2490954E-03, -0.7134595E-04,  0.5684059E-02
  0.8360778E-04,  0.1505984E-04,  0.5560472E-02
  0.2379983E-03, -0.4215478E-04,  0.5930775E-02
  0.2816924E-03,  0.4406903E-04,  0.6180878E-02
 -0.1294825E-04, -0.3016226E-04,  0.5773508E-02
  0.2519158E-03, -0.1050432E-03,  0.5721267E-02
  0.7257752E-04,  0.8958266E-04,  0.5570896E-02
  0.2596402E-03, -0.1874715E-04,  0.5890524E-02
  0.2709533E-03,  0.6307420E-04,  0.6109585E-02
 -0.1374786E-04, -0.3178670E-04,  0.5781270E-02
  0.1879622E-03, -0.1115698E-03,  0.5785707E-02
  0.6522729E-04,  0.1625050E-03,  0.5583662E-02
  0.2931499E-03,  0.9938025E-05,  0.5854512E-02
  0.2610138E-03,  0.9406237E-04,  0.6031637E-02
 -0.1318761E-04, -0.3421130E-04,  0.5788515E-02
  0.1945831E-03, -0.1420610E-03,  0.5821399E-02
  0.6147319E-04,  0.2334950E-03,  0.5598352E-02
  0.3382955E-03,  0.4426340E-04,  0.5822309E-02
  0.2546275E-03,  0.1396946E-03,  0.5944920E-02
 -0.1126946E-04, -0.3759866E-04,  0.5795199E-02
  0.2037925E-03, -0.1715717E-03,  0.5855483E-02
  0.6116661E-04,  0.3023710E-03,  0.5614601E-02
  0.3960342E-03,  0.8550846E-04,  0.5793606E-02
  0.2572513E-03,  0.2034556E-03,  0.5847591E-02
 -0.7990542E-05, -0.4211594E-04,  0.5801300E-02
  0.2156727E-03, -0.2003416E-03,  0.5887246E-02
  0.6411305E-04,  0.3690792E-03,  0.5632121E-02
  0.4686026E-03,  0.1359613E-03,  0.5768504E-02
 -0.8493796E-03, -0.7607632E-04,  0.5697803E-02
 -0.3340185E-05, -0.4793473E-04,  0.5806813E-02
  0.2299350E-03, -0.2284403E-03,  0.5916013E-02
  0.7009305E-04,  0.4336781E-03,  0.5650719E-02
  0.5599368E-03,  0.1994245E-03,  0.5747966E-02
 -0.7943702E-03,  0.3185949E-04,  0.5583946E-02
  0.2704727E-05, -0.5523232E-04,  0.5811751E-02
  0.2459457E-03, -0.2557901E-03,  0.5941309E-02
  0.7888519E-04,  0.4963324E-03,  0.5670308E-02
  0.6766312E-03,  0.2824710E-03,  0.5735097E-02
 -0.6897782E-03,  0.1551421E-03,  0.5478419E-02
  0.1018643E-04, -0.6419490E-04,  0.5816150E-02
  0.2628505E-03, -0.2822328E-03,  0.5963001E-02
  0.9029106E-04,  0.5573185E-03,  0.5690904E-02
  0.8296532E-03,  0.3974061E-03,  0.5739398E-02
 -0.5315361E-03,  0.2753690E-03,  0.5403084E-02
  0.1917532E-04, -0.7502317E-04,  0.5820059E-02
  0.2797527E-03, -0.3076108E-03,  0.5981325E-02
  0.1041615E-03,  0.6170426E-03,  0.5712627E-02
  0.6754920E-03,  0.1641827E-03,  0.5468781E-02
 -0.1278185E-02,  0.9308995E-03,  0.4409003E-02
  0.2978200E-04, -0.8794079E-04,  0.5823550E-02
  0.2958750E-03, -0.3318321E-03,  0.5996825E-02
  0.1204237E-03,  0.6760740E-03,  0.5735681E-02
  0.9081870E-03,  0.4139598E-03,  0.5684957E-02
 -0.1075794E-02,  0.9958505E-03,  0.4424926E-02
  0.4217381E-04, -0.1032066E-03,  0.5826712E-02
  0.3106528E-03, -0.3548996E-03,  0.6010224E-02
  0.1391083E-03,  0.7351976E-03,  0.5760338E-02
  0.1317131E-02,  0.4072073E-03,  0.4832628E-02
 -0.8841042E-03,  0.1034239E-02,  0.4474221E-02
  0.5659774E-04, -0.1211312E-03,  0.5829654E-02
  0.3237537E-03, -0.3769118E-03,  0.6022303E-02
  0.1603764E-03,  0.7954973E-03,  0.5786907E-02
  0.1182025E-02,  0.4006025E-03,  0.5161349E-02
 -0.7098787E-03,  0.1055856E-02,  0.4544983E-02
  0.7341355E-04, -0.1421007E-03,  0.5832513E-02
  0.3350469E-03, -0.3980466E-03,  0.6033813E-02
  0.1845461E-03,  0.8584909E-03,  0.5815678E-02
  0.3911385E-03, -0.5659787E-04,  0.5686520E-02
 -0.5528500E-03,  0.1069673E-02,  0.4629048E-02
  0.9314289E-04, -0.1666076E-03,  0.5835452E-02
  0.3445539E-03, -0.4185448E-03,  0.6045429E-02
  0.2121185E-03,  0.9263622E-03,  0.5846832E-02
  0.3031805E-03, -0.1082200E-03,  0.5803684E-02
 -0.4100493E-03,  0.1082686E-02,  0.4721631E-02
  0.1165448E-03, -0.1952965E-03,  0.5838674E-02
  0.3523990E-03, -0.4387003E-03,  0.6057739E-02
  0.2437891E-03,  0.1002379E-02,  0.5880207E-02
  0.2432130E-03, -0.1518829E-03,  0.5885795E-02
 -0.2776549E-03,  0.1100522E-02,  0.4820184E-02
  0.1447358E-03, -0.2290278E-03,  0.5842423E-02
  0.3587703E-03, -0.4588625E-03,  0.6071264E-02
  0.1359677E-03, -0.5457865E-03,  0.6569413E-02
  0.2037773E-03, -0.1875947E-03,  0.5946795E-02
 -0.5227620E-03, -0.5826817E-03,  0.6623963E-02
  0.1793870E-03, -0.2689725E-03,  0.5846991E-02
  0.3638907E-03, -0.4794545E-03,  0.6086477E-02
  0.1779580E-03, -0.4350015E-03,  0.6601222E-02
  0.1794969E-03, -0.2163465E-03,  0.5993363E-02
 -0.3971825E-03, -0.5370487E-03,  0.6730516E-02
  0.2230617E-03, -0.3167553E-03,  0.5852684E-02
  0.3679985E-03, -0.5010145E-03,  0.6103855E-02
  0.2233325E-03, -0.2904218E-03,  0.6618498E-02
  0.1664803E-03, -0.2391037E-03,  0.6029139E-02
 -0.2658011E-03, -0.4618735E-03,  0.6835101E-02
  0.2798087E-03, -0.3746650E-03,  0.5859693E-02
  0.3713336E-03, -0.5242743E-03,  0.6123941E-02
  0.2598065E-03, -0.1048332E-03,  0.6589582E-02
  0.1618121E-03, -0.2566626E-03,  0.6056351E-02
 -0.1253977E-03, -0.3399063E-03,  0.6915661E-02
  0.3562118E-03, -0.4459223E-03,  0.5867624E-02
  0.3741217E-03, -0.5503069E-03,  0.6147446E-02
  0.2583735E-03,  0.7950206E-04,  0.6475136E-02
  0.1632408E-03, -0.2696766E-03,  0.6076517E-02
  0.2552645E-05, -0.1793575E-03,  0.6924715E-02
  0.4630648E-03, -0.5347634E-03,  0.5873933E-02
  0.3765461E-03, -0.5808085E-03,  0.6175443E-02
  0.2047072E-03,  0.1805408E-03,  0.6292001E-02
  0.1689910E-03, -0.2787112E-03,  0.6090770E-02
  0.8272185E-04, -0.4369541E-04,  0.6865078E-02
  0.1117120E-02, -0.1027920E-02,  0.5252170E-02
  0.3786544E-03, -0.6186407E-03,  0.6209766E-02
  0.1537529E-03,  0.2146551E-03,  0.6151956E-02
  0.1776517E-03, -0.2842979E-03,  0.6100040E-02
 -0.4609501E-03, -0.7421642E-03,  0.6471784E-02
  0.1333355E-02, -0.1156173E-02,  0.5214667E-02
 -0.8623590E-05, -0.3657565E-03,  0.5132457E-02
  0.1103993E-03,  0.2179813E-03,  0.6043991E-02
  0.1881298E-03, -0.2869742E-03,  0.6105157E-02
 -0.4350939E-03, -0.6798632E-03,  0.6414503E-02
  0.1604728E-02, -0.1281139E-02,  0.5119159E-02
 -0.1100701E-04, -0.4365690E-03,  0.5190046E-02
  0.7624031E-04,  0.2108047E-03,  0.5959202E-02
  0.1996560E-03, -0.2872961E-03,  0.6106910E-02
 -0.4165774E-03, -0.6293758E-03,  0.6369075E-02
 -0.8276798E-03, -0.2562886E-03,  0.6103021E-02
 -0.6412203E-04, -0.1672231E-03,  0.5864446E-02
  0.4987636E-04,  0.2009703E-03,  0.5889456E-02
  0.2118183E-03, -0.2858113E-03,  0.6106043E-02
 -0.4020689E-03, -0.5837969E-03,  0.6331825E-02
 -0.5384177E-03, -0.3121548E-03,  0.5971949E-02
 -0.3192789E-04, -0.2892828E-03,  0.5768875E-02
  0.2986475E-04,  0.1915888E-03,  0.5829384E-02
  0.2245692E-03, -0.2829972E-03,  0.6103191E-02
 -0.3902868E-03, -0.5400345E-03,  0.6299791E-02
 -0.2646720E-03, -0.3292715E-03,  0.5873529E-02
  0.4135741E-03, -0.7251403E-04,  0.5379001E-02
  0.1511233E-04,  0.1840103E-03,  0.5775528E-02
  0.2381589E-03, -0.2791980E-03,  0.6098785E-02
 -0.3806700E-03, -0.4967071E-03,  0.6270919E-02
 -0.3245154E-03, -0.3254893E-03,  0.5601354E-02
 -0.2030217E-03,  0.3263998E-03,  0.5537062E-02
  0.4803565E-05,  0.1788958E-03,  0.5725601E-02
  0.2529984E-03, -0.2746019E-03,  0.6092984E-02
 -0.3729332E-03, -0.4532425E-03,  0.6243792E-02
 -0.1211858E-03, -0.2816500E-03,  0.5537032E-02
 -0.1888462E-03,  0.2264394E-03,  0.5539627E-02
 -0.1720189E-05,  0.1766277E-03,  0.5678024E-02
  0.2695114E-03, -0.2692738E-03,  0.6085683E-02
 -0.3669027E-03, -0.4094721E-03,  0.6217415E-02
  0.4233089E-04, -0.2219221E-03,  0.5491562E-02
 -0.1858757E-03,  0.1691381E-03,  0.5543979E-02
 -0.5063527E-05,  0.1774825E-03,  0.5631657E-02
  0.2880317E-03, -0.2632206E-03,  0.6076569E-02
 -0.3624495E-03, -0.3654300E-03,  0.6191066E-02
  0.2466849E-03, -0.1204459E-03,  0.5409373E-02
 -0.1880251E-03,  0.1280198E-03,  0.5547469E-02
 -0.5860436E-05,  0.1817181E-03,  0.5585619E-02
  0.3087648E-03, -0.2564566E-03,  0.6065200E-02
 -0.3594586E-03, -0.3212423E-03,  0.6164221E-02
  0.3871578E-03, -0.2759895E-04,  0.5394977E-02
 -0.1928537E-03,  0.9440895E-04,  0.5549331E-02
 -0.4849550E-05,  0.1896307E-03,  0.5539177E-02
  0.8591987E-04, -0.1508185E-03,  0.5847482E-02
 -0.2411693E-03, -0.3968202E-04,  0.6074088E-02
  0.5194678E-03,  0.8043959E-04,  0.5389767E-02
 -0.1990065E-03,  0.6466715E-04,  0.5549245E-02
 -0.2956367E-05,  0.2016060E-03,  0.5491674E-02
  0.1112278E-03, -0.1429098E-03,  0.5830097E-02
 -0.2407570E-03,  0.4357064E-05,  0.6045225E-02
  0.6401318E-03,  0.1991621E-03,  0.5394420E-02
 -0.2057502E-03,  0.3700953E-04,  0.5546925E-02
 -0.1401616E-05,  0.2181740E-03,  0.5442492E-02
  0.1387265E-03, -0.1347225E-03,  0.5808977E-02
 -0.2414519E-03,  0.4816235E-04,  0.6015047E-02
  0.7457528E-03,  0.3228652E-03,  0.5409388E-02
 -0.2127152E-03,  0.1045444E-04,  0.5542026E-02
 -0.1859613E-05,  0.2400665E-03,  0.5391081E-02
  0.1682746E-03, -0.1265510E-03,  0.5783699E-02
 -0.2431254E-03,  0.9170764E-04,  0.5983453E-02
  0.8343587E-03,  0.4461995E-03,  0.5433968E-02
 -0.2197559E-03, -0.1558822E-04,  0.5534126E-02
 -0.6689733E-05,  0.2682578E-03,  0.5337084E-02
  0.1996902E-03, -0.1187448E-03,  0.5753911E-02
 -0.2456403E-03,  0.1350504E-03,  0.5950393E-02
  0.9057177E-03,  0.5652922E-03,  0.5466717E-02
 -0.2268802E-03, -0.4150125E-04,  0.5522749E-02
 -0.1922980E-04,  0.3039225E-03,  0.5280696E-02
  0.2327536E-03, -0.1116853E-03,  0.5719333E-02
 -0.2488434E-03,  0.1783516E-03,  0.5915844E-02
 -0.6414621E-03, -0.1412221E-02,  0.4950344E-02
 -0.2342199E-03, -0.6755312E-04,  0.5507374E-02
 -0.6138005E-04,  0.3460542E-03,  0.5242485E-02
  0.2672006E-03, -0.1057620E-03,  0.5679753E-02
 -0.2525480E-03,  0.2219017E-03,  0.5879792E-02
 -0.6008074E-03, -0.1306511E-02,  0.4995391E-02
 -0.2420245E-03, -0.9395185E-04,  0.5487465E-02
 -0.1034779E-03,  0.3990568E-03,  0.5188307E-02
  0.3027054E-03, -0.1013501E-03,  0.5635011E-02
 -0.2565013E-03,  0.2661558E-03,  0.5842217E-02
 -0.5728825E-03, -0.1207547E-02,  0.5045420E-02
 -0.2506719E-03, -0.1208819E-03,  0.5462485E-02
 -0.1663440E-03,  0.4588778E-03,  0.5144344E-02
  0.3388538E-03, -0.9879265E-04,  0.5584981E-02
 -0.2603204E-03,  0.3117810E-03,  0.5803076E-02
 -0.5560875E-03, -0.1114522E-02,  0.5100198E-02
 -0.2606946E-03, -0.1485352E-03,  0.5431915E-02
 -0.2479570E-03,  0.5210466E-03,  0.5118307E-02
  0.3751078E-03, -0.9838782E-04,  0.5529560E-02
 -0.2633708E-03,  0.3597133E-03,  0.5762315E-02
 -0.5491296E-03, -0.1026388E-02,  0.5159772E-02
 -0.2728233E-03, -0.1771420E-03,  0.5395271E-02
 -0.3405239E-03,  0.5811557E-03,  0.5112742E-02
  0.4107602E-03, -0.1003718E-03,  0.5468681E-02
 -0.2645299E-03,  0.4111987E-03,  0.5719929E-02
 -0.5510597E-03, -0.9420312E-03,  0.5224356E-02
 -0.2880556E-03, -0.2070064E-03,  0.5352099E-02
 -0.4361864E-03,  0.6382078E-03,  0.5122660E-02
  0.4448759E-03, -0.1048850E-03,  0.5402370E-02
 -0.2617330E-03,  0.4677087E-03,  0.5676162E-02
 -0.5612802E-03, -0.8603692E-03,  0.5294260E-02
 -0.3077616E-03, -0.2385514E-03,  0.5301944E-02
 -0.6244530E-04,  0.1105095E-03,  0.5944421E-02
  0.4762214E-03, -0.1119075E-03,  0.5330853E-02
 -0.2512014E-03,  0.5303184E-03,  0.5632090E-02
 -0.5795592E-03, -0.7804162E-03,  0.5369814E-02
 -0.3338497E-03, -0.2723800E-03,  0.5244247E-02
 -0.1594478E-03,  0.1693517E-03,  0.5959017E-02
  0.5031977E-03, -0.1211514E-03,  0.5254704E-02
 -0.2268947E-03,  0.5972296E-03,  0.5590945E-02
 -0.6060742E-03, -0.7013354E-03,  0.5451294E-02
 -0.3690283E-03, -0.3093682E-03,  0.5178099E-02
 -0.2609148E-03,  0.2328323E-03,  0.5963880E-02
  0.5238004E-03, -0.1319064E-03,  0.5175065E-02
 -0.1844635E-03,  0.6576570E-03,  0.5559211E-02
 -0.6414986E-03, -0.6225171E-03,  0.5538799E-02
 -0.4172097E-03, -0.3508163E-03,  0.5101657E-02
 -0.3698531E-03,  0.3008146E-03,  0.5952113E-02
  0.5356452E-03, -0.1428436E-03,  0.5093900E-02
 -0.1366936E-03,  0.6919003E-03,  0.5539838E-02
 -0.6871224E-03, -0.5437181E-03,  0.5632033E-02
 -0.4840591E-03, -0.3987165E-03,  0.5010712E-02
 -0.4878761E-03,  0.3702544E-03,  0.5917940E-02
  0.6304416E-03, -0.2794132E-03,  0.4844830E-02
 -0.1854925E-03,  0.7737753E-03,  0.5452914E-02
 -0.7449453E-03, -0.4653245E-03,  0.5729908E-02
 -0.5771772E-03, -0.4561894E-03,  0.4895020E-02
 -0.6145113E-03,  0.4352756E-03,  0.5857950E-02
  0.6167648E-03, -0.2831624E-03,  0.4771453E-02
 -0.1974311E-03,  0.7715770E-03,  0.5414994E-02
 -0.8175072E-03, -0.3888114E-03,  0.5829851E-02
 -0.7019029E-03, -0.5276642E-03,  0.4728997E-02
 -0.7054594E-03,  0.5269132E-03,  0.6028741E-02
  0.5864799E-03, -0.2772709E-03,  0.4710920E-02
 -0.2399088E-03,  0.7753733E-03,  0.5351011E-02
 -0.9068716E-03, -0.3173714E-03,  0.5926880E-02
 -0.1535840E-02, -0.4954805E-03,  0.6768107E-02
 -0.8403519E-03,  0.5612061E-03,  0.5923083E-02
  0.5375891E-03, -0.2559567E-03,  0.4672627E-02
 -0.3059274E-03,  0.7879454E-03,  0.5257692E-02
 -0.1011949E-02, -0.2561636E-03,  0.6013302E-02
 -0.1557384E-02, -0.5751962E-03,  0.6390741E-02
 -0.9734777E-03,  0.5722954E-03,  0.5805519E-02
  0.4688538E-03, -0.2119716E-03,  0.4670065E-02
 -0.3895115E-03,  0.8055240E-03,  0.5134038E-02
 -0.1124932E-02, -0.2107452E-03,  0.6081181E-02
 -0.1430261E-02, -0.6236779E-03,  0.6052095E-02
 -0.1101667E-02,  0.5591115E-03,  0.5685813E-02
  0.3800652E-03, -0.1363647E-03,  0.4723452E-02
  0.5736094E-03,  0.8131080E-03,  0.6217124E-02
  0.2244259E-03, -0.2056571E-03,  0.6146715E-02
 -0.1260953E-02, -0.6557656E-03,  0.5813897E-02
 -0.1222856E-02,  0.5233476E-03,  0.5573117E-02
  0.2723846E-03, -0.1794789E-04,  0.4865477E-02
  0.4760957E-03,  0.8204272E-03,  0.6042397E-02
  0.1359167E-03, -0.1927410E-03,  0.6178399E-02
 -0.1103421E-02, -0.6863085E-03,  0.5643314E-02
 -0.1335933E-02,  0.4683276E-03,  0.5474907E-02
  0.1485621E-03,  0.1575819E-03,  0.5155833E-02
  0.3841824E-03,  0.8149251E-03,  0.5853649E-02
  0.7010133E-04, -0.1884094E-03,  0.6204390E-02
 -0.4890444E-03, -0.6041278E-03,  0.5687724E-02
 -0.1440427E-02,  0.3979589E-03,  0.5396776E-02
  0.9826411E-05,  0.4057403E-03,  0.5727742E-02
  0.3054106E-03,  0.7955034E-03,  0.5660594E-02
  0.2457389E-04, -0.1877343E-03,  0.6232294E-02
 -0.3748986E-03, -0.6437032E-03,  0.5584962E-02
 -0.1536244E-02,  0.3160445E-03,  0.5342707E-02
 -0.2008283E-03,  0.6743866E-03,  0.7001633E-02
  0.2452442E-03,  0.7634957E-03,  0.5472161E-02
 -0.5428566E-05, -0.1879048E-03,  0.6266383E-02
 -0.2809874E-03, -0.6893031E-03,  0.5502084E-02
 -0.1623504E-02,  0.2259326E-03,  0.5315494E-02
  0.2397690E-03,  0.2227107E-02,  0.1194130E-01
  0.2069351E-03,  0.7213788E-03,  0.5295531E-02
 -0.2445940E-04, -0.1876496E-03,  0.6308577E-02
 -0.2061600E-03, -0.7413744E-03,  0.5434833E-02
 -0.1702464E-02,  0.1303916E-03,  0.5317149E-02
  0.2062650E-02,  0.5053892E-02,  0.5026515E-02
  0.1919766E-03,  0.6718227E-03,  0.5135944E-02
 -0.3610025E-04, -0.1865193E-03,  0.6359595E-02
 -0.1496728E-03, -0.8004243E-03,  0.5380153E-02
 -0.1773495E-02,  0.3160509E-04,  0.5349254E-02
  0.1158346E-02,  0.4372914E-02,  0.4171808E-02
  0.2007083E-03,  0.6172527E-03,  0.4996863E-02
 -0.4294866E-04, -0.1844521E-03,  0.6419645E-02
 -0.1110878E-03, -0.8671810E-03,  0.5335317E-02
 -0.1837069E-02, -0.6877716E-04,  0.5413243E-02
  0.4239612E-03,  0.4016151E-02,  0.3620745E-02
  0.2328408E-03,  0.5597534E-03,  0.4880205E-02
 -0.4677438E-04, -0.1815712E-03,  0.6488762E-02
 -0.9016162E-04, -0.9427468E-03,  0.5297384E-02
 -0.1893767E-02, -0.1695716E-03,  0.5510642E-02
 -0.2565381E-03,  0.3794484E-02,  0.3283238E-02
  0.2878432E-03,  0.5011204E-03,  0.4786515E-02
 -0.4865331E-04, -0.1781113E-03,  0.6566952E-02
 -0.8676416E-04, -0.1028803E-02,  0.5262759E-02
 -0.1944271E-02, -0.2699932E-03,  0.5643290E-02
 -0.9153348E-03,  0.3643297E-02,  0.3117983E-02
  0.3652163E-03,  0.4429423E-03,  0.4715072E-02
 -0.4903933E-04, -0.1744021E-03,  0.6654226E-02
 -0.1008227E-03, -0.1127925E-02,  0.5226699E-02
 -0.1989361E-02, -0.3695972E-03,  0.5813557E-02
 -0.1561967E-02,  0.3532001E-02,  0.3106276E-02
  0.4646895E-03,  0.3866667E-03,  0.4663932E-02
 -0.4777564E-04, -0.1708775E-03,  0.6750606E-02
 -0.1322697E-03, -0.1244118E-02,  0.5182634E-02
 -0.2029906E-02, -0.4682330E-03,  0.6024581E-02
 -0.2197444E-02,  0.3443459E-02,  0.3239814E-02
  0.5863747E-03,  0.3336503E-03,  0.4629916E-02
 -0.4405329E-04, -0.1680912E-03,  0.6856102E-02
 -0.1809301E-03, -0.1383769E-02,  0.5121096E-02
 -0.2066852E-02, -0.5660110E-03,  0.6280546E-02
 -0.2819061E-02,  0.3367427E-02,  0.3515819E-02
  0.7309039E-03,  0.2852117E-03,  0.4608564E-02
 -0.3632167E-04, -0.1667329E-03,  0.6970678E-02
 -0.2461503E-03, -0.1557509E-02,  0.5027866E-02
 -0.2101208E-02, -0.6632837E-03,  0.6587007E-02
 -0.3422510E-02,  0.3297950E-02,  0.3935152E-02
  0.8995684E-03,  0.2427246E-03,  0.4594042E-02
 -0.2215095E-04, -0.1676401E-03,  0.7094224E-02
 -0.3254739E-03, -0.1784138E-02,  0.4880526E-02
 -0.2134035E-02, -0.7606372E-03,  0.6951299E-02
 -0.4002969E-02,  0.3232116E-02,  0.4501812E-02
  0.1094477E-02,  0.2077991E-03,  0.4578996E-02
  0.1957616E-05, -0.1718051E-03,  0.7226518E-02
 -0.4096211E-03, -0.2099827E-02,  0.4641739E-02
 -0.2166438E-02, -0.8588972E-03,  0.7383041E-02
 -0.4555668E-02,  0.3169359E-02,  0.5223171E-02
  0.1318752E-02,  0.1826360E-03,  0.4554375E-02
  0.4082248E-04, -0.1803770E-03,  0.7367209E-02
 -0.4611484E-03, -0.2581870E-02,  0.4247167E-02
 -0.2199551E-02, -0.9591450E-03,  0.7894777E-02
 -0.5076156E-02,  0.3110994E-02,  0.6110666E-02
  0.1576770E-02,  0.1706954E-03,  0.4509250E-02
  0.1009074E-03, -0.1946585E-03,  0.7515793E-02
 -0.3109273E-03, -0.3404598E-02,  0.3609265E-02
 -0.2234532E-02, -0.1062747E-02,  0.8502782E-02
 -0.5560352E-02,  0.3059906E-02,  0.7180839E-02
  0.1874457E-02,  0.1779500E-03,  0.4430834E-02
  0.1907411E-03, -0.2160995E-03,  0.7671627E-02
  0.6817202E-03, -0.4722698E-02,  0.2942544E-02
 -0.2272558E-02, -0.1171395E-02,  0.9228094E-02
 -0.6004454E-02,  0.3020339E-02,  0.8456706E-02
  0.2219502E-02,  0.2151755E-03,  0.4305313E-02
  0.3214575E-03, -0.2462869E-03,  0.7833954E-02
  0.2599340E-02, -0.5618450E-02,  0.3239940E-02
 -0.2314812E-02, -0.1287167E-02,  0.1009783E-01
 -0.6404737E-02,  0.2997776E-02,  0.9969500E-02
  0.2500951E-02, -0.1100757E-02,  0.3645329E-02
  0.5074907E-03, -0.2869324E-03,  0.8001983E-02
 -0.8293174E-02, -0.2169241E-02,  0.3184072E-03
 -0.2362484E-02, -0.1412595E-02,  0.1114688E-01
 -0.6757283E-02,  0.2998913E-02,  0.1176090E-01
  0.2966498E-02, -0.9340418E-03,  0.3405735E-02
  0.7674686E-03, -0.3398524E-03,  0.8175015E-02
 -0.7133701E-02, -0.2029846E-02,  0.1131220E-02
 -0.2416762E-02, -0.1550763E-02,  0.1242013E-01
 -0.7057650E-02,  0.3031722E-02,  0.1388591E-01
  0.3491874E-02, -0.6587335E-03,  0.3151587E-02
  0.1125364E-02, -0.4069378E-03,  0.8352666E-02
 -0.6132173E-02, -0.1820988E-02,  0.1839183E-02
 -0.2478828E-02, -0.1705429E-02,  0.1397536E-01
 -0.7300490E-02,  0.3105624E-02,  0.1641674E-01
  0.4339360E-02, -0.7919503E-03,  0.1717777E-02
  0.1611978E-02, -0.4901067E-03,  0.8535193E-02
 -0.5158387E-02, -0.1589813E-02,  0.2445517E-02
 -0.2549856E-02, -0.1881181E-02,  0.1588709E-01
 -0.7479095E-02,  0.3231770E-02,  0.1944798E-01
  0.4900336E-02, -0.5438520E-03,  0.1589052E-02
  0.2266856E-02, -0.5912459E-03,  0.8723990E-02
 -0.4128103E-02, -0.1349924E-02,  0.2953945E-02
 -0.2631011E-02, -0.2083650E-02,  0.1825188E-01
 -0.7584846E-02,  0.3423489E-02,  0.2310386E-01
  0.5493302E-02, -0.5024122E-03,  0.1369050E-02
  0.3140761E-02, -0.7121752E-03,  0.8922315E-02
 -0.2970555E-02, -0.1105902E-02,  0.3360511E-02
 -0.2723456E-02, -0.2319795E-02,  0.2119559E-01
 -0.7606501E-02,  0.3696951E-02,  0.2754862E-01
  0.6166890E-02, -0.6639606E-03,  0.8996234E-03
  0.4298881E-02, -0.8547310E-03,  0.9136360E-02
 -0.1612733E-02, -0.8598682E-03,  0.3653350E-02
 -0.2828366E-02, -0.2598308E-02,  0.2488374E-01
 -0.7529208E-02,  0.4072173E-02,  0.3300182E-01
  0.6956959E-02, -0.9938717E-03,  0.6578682E-04
  0.5715563E-02, -0.1054740E-02,  0.9541810E-02
  0.3036950E-04, -0.6136615E-03,  0.3812609E-02
 -0.2946958E-02, -0.2930209E-02,  0.2953681E-01
 -0.7333069E-02,  0.4574578E-02,  0.3976170E-01
  0.7401715E-02, -0.2410994E-02, -0.2476938E-03
  0.7716730E-02, -0.1248022E-02,  0.9827435E-02
  0.2063702E-02, -0.3698478E-03,  0.3809698E-02
 -0.3080557E-02, -0.3329753E-02,  0.3545348E-01
 -0.6990877E-02,  0.5237529E-02,  0.4824266E-01
  0.8480597E-02, -0.3010372E-02, -0.2175028E-02
  0.1032966E-01, -0.1472208E-02,  0.1019003E-01
  0.4619552E-02, -0.1324434E-03,  0.3605884E-02
 -0.3230697E-02, -0.3815888E-02,  0.4304783E-01
 -0.6464334E-02,  0.6106621E-02,  0.5903836E-01
  0.9704098E-02, -0.3708153E-02, -0.4921293E-02
  0.2239364E-01, -0.4977799E-02, -0.1451623E-02
  0.7864092E-02,  0.9236687E-04,  0.3150538E-02
 -0.3399325E-02, -0.4414729E-02,  0.5291192E-01
 -0.5697241E-02,  0.7247504E-02,  0.7303558E-01
  0.1103461E-01, -0.4445117E-02, -0.8785757E-02
  0.2678003E-01, -0.5260665E-02, -0.7157142E-03
  0.1200129E-01,  0.2955113E-03,  0.2379570E-02
 -0.3589163E-02, -0.5164049E-02,  0.6592869E-01
 -0.4602102E-02,  0.8761274E-02,  0.9163751E-01
  0.1236489E-01, -0.5092816E-02, -0.1423420E-01
  0.3238732E-01, -0.5535979E-02,  0.4500228E-03
  0.1727077E-01,  0.4645274E-03,  0.1215075E-02
 -0.3804449E-02, -0.6122131E-02,  0.8349320E-01
 -0.3030613E-02,  0.1081843E-01,  0.1172543E+00
  0.1342438E-01, -0.5401155E-02, -0.2202320E-01
  0.3942939E-01, -0.5719859E-02,  0.2372498E-02
  0.2393508E-01,  0.5837300E-03, -0.4322354E-03
 -0.4052551E-02, -0.7387283E-02,  0.1079990E+00
 -0.6972375E-03,  0.1374674E-01,  0.1545714E+00
  0.1352423E-01, -0.4986013E-02, -0.3339359E-01
  0.4802521E-01, -0.5635434E-02,  0.5560707E-02
  0.3225250E-01,  0.6356463E-03, -0.2655972E-02
 -0.4348149E-02, -0.9148388E-02,  0.1440947E+00
  0.3077068E-02,  0.1832586E-01,  0.2147967E+00
  0.1092600E-01, -0.3651993E-02, -0.5010794E-01
  0.5812758E-01, -0.4949707E-02,  0.1069788E-01
  0.4243634E-01,  0.6040653E-03, -0.5541362E-02
 -0.4727223E-02, -0.1185438E-01,  0.2028947E+00
  0.1081397E-01,  0.2745271E-01,  0.3396701E+00
  0.2251978E-02, -0.2573762E-02, -0.7307825E-01
  0.6969175E-01, -0.3266560E-02,  0.1846220E-01
 -0.1411781E+01,  0.9106211E-02,  0.1469117E+01
 -0.5326166E-02, -0.1717247E-01,  0.3257763E+00
  0.5077489E-01,  0.5540413E-01,  0.3383249E+01
  0.1446254E+01,  0.4747471E-01,  0.1548504E+01
 -0.6460935E-01, -0.6689022E-02,  0.3521287E-01
 -0.1397619E+01,  0.8884380E-02,  0.1464770E+01
  0.1953893E-02, -0.3132226E-01,  0.3387848E+01
  0.3427085E-01,  0.3665782E-01,  0.3104465E+01
  0.1423121E+01,  0.4220862E-01,  0.1524259E+01
 -0.5179899E-01, -0.5063174E-02,  0.4825676E-01
 -0.1381600E+01,  0.8575326E-02,  0.1459713E+01
  0.2664642E-02, -0.2059518E-01,  0.3110640E+01
  0.2790424E-01,  0.2955191E-01,  0.2992571E+01
  0.1397682E+01,  0.3563721E-01,  0.1503439E+01
 -0.4061762E-01, -0.3941423E-02,  0.6323319E-01
 -0.1363959E+01,  0.8196353E-02,  0.1454023E+01
  0.2827074E-02, -0.1656225E-01,  0.2998870E+01
  0.2376310E-01,  0.2499301E-01,  0.2916498E+01
  0.1371779E+01,  0.2935376E-01,  0.1485547E+01
 -0.3147944E-01, -0.3097502E-02,  0.7946448E-01
 -0.1344998E+01,  0.7769269E-02,  0.1447808E+01
  0.2869409E-02, -0.1399170E-01,  0.2922624E+01
  0.2065492E-01,  0.2160985E-01,  0.2856505E+01
  0.1346077E+01,  0.2394912E-01,  0.1469912E+01
 -0.2427316E-01, -0.2443624E-02,  0.9632424E-01
 -0.1325032E+01,  0.7316050E-02,  0.1441188E+01
  0.2857307E-02, -0.1209485E-01,  0.2862339E+01
  0.1815931E-01,  0.1891871E-01,  0.2805655E+01
  0.1320820E+01,  0.1950200E-01,  0.1456045E+01
 -0.1870252E-01, -0.1939542E-02,  0.1133592E+00
 -0.1304358E+01,  0.6855714E-02,  0.1434282E+01
  0.2814517E-02, -0.1059359E-01,  0.2811142E+01
  0.1607806E-01,  0.1669143E-01,  0.2760703E+01
  0.1296102E+01,  0.1590807E-01,  0.1443596E+01
 -0.1444010E-01, -0.1554719E-02,  0.1302851E+00
 -0.1283236E+01,  0.6402877E-02,  0.1427193E+01
  0.2752639E-02, -0.9356825E-02,  0.2765816E+01
  0.1430130E-01,  0.1480164E-01,  0.2719873E+01
  0.1271958E+01,  0.1302044E-01,  0.1432300E+01
 -0.1119253E-01, -0.1262451E-02,  0.1469402E+00
 -0.1261879E+01,  0.5967631E-02,  0.1420007E+01
  0.2678369E-02, -0.8311965E-02,  0.2724607E+01
  0.1276119E-01,  0.1317151E-01,  0.2682099E+01
  0.1248394E+01,  0.1069996E-01,  0.1421945E+01
 -0.8719813E-02, -0.1040370E-02,  0.1632405E+00
 -0.1240456E+01,  0.5556183E-02,  0.1412793E+01
  0.2595999E-02, -0.7414303E-02,  0.2686455E+01
  0.1141244E-01,  0.1174926E-01,  0.2646690E+01
  0.1225401E+01,  0.8829503E-02,  0.1412365E+01
 -0.6834248E-02, -0.8707683E-03,  0.1791477E+00
 -0.1219098E+01,  0.5171741E-02,  0.1405601E+01
  0.2508485E-02, -0.6634106E-02,  0.2650679E+01
  0.1022285E-01,  0.1049839E-01,  0.2613179E+01
  0.1202965E+01,  0.7315036E-02,  0.1403427E+01
 -0.5392387E-02, -0.7401672E-03,  0.1946495E+00
 -0.1197903E+01,  0.4815383E-02,  0.1398470E+01
  0.2417956E-02, -0.5950390E-02,  0.2616815E+01
  0.9168393E-02,  0.9391900E-02,  0.2581237E+01
  0.1181068E+01,  0.6082571E-02,  0.1395023E+01
 -0.4285814E-02, -0.6385391E-03,  0.2097473E+00
 -0.1176944E+01,  0.4486773E-02,  0.1391426E+01
  0.2325992E-02, -0.5347625E-02,  0.2584538E+01
  0.8230381E-02,  0.8409035E-02,  0.2550626E+01
  0.1159692E+01,  0.5074328E-02,  0.1387069E+01
 -0.3432991E-02, -0.5585109E-03,  0.2244497E+00
 -0.1156275E+01,  0.4184706E-02,  0.1384489E+01
  0.2233787E-02, -0.4813869E-02,  0.2553610E+01
  0.7393814E-02,  0.7533320E-02,  0.2521167E+01
  0.1138819E+01,  0.4245229E-02,  0.1379496E+01
 -0.2772670E-02, -0.4946856E-03,  0.2387689E+00
 -0.1135933E+01,  0.3907489E-02,  0.1377671E+01
  0.2142251E-02, -0.4339645E-02,  0.2523856E+01
  0.6646321E-02,  0.6751337E-02,  0.2492727E+01
  0.1118433E+01,  0.3560025E-02,  0.1372252E+01
 -0.2258817E-02, -0.4431115E-03,  0.2527182E+00
 -0.1115946E+01,  0.3653205E-02,  0.1370981E+01
  0.2052076E-02, -0.3917236E-02,  0.2495139E+01
  0.5977483E-02,  0.6051913E-02,  0.2465199E+01
  0.1098518E+01,  0.2991040E-02,  0.1365293E+01
 -0.1856764E-02, -0.4008858E-03,  0.2663112E+00
 -0.1096329E+01,  0.3419881E-02,  0.1364424E+01
  0.1963788E-02, -0.3540230E-02,  0.2467356E+01
  0.5378390E-02,  0.5425586E-02,  0.2438502E+01
  0.1079060E+01,  0.2516437E-02,  0.1358584E+01
 -0.1540347E-02, -0.3658645E-03,  0.2795610E+00
 -0.1077094E+01,  0.3205593E-02,  0.1358002E+01
  0.1877779E-02, -0.3203208E-02,  0.2440424E+01
  0.4841321E-02,  0.4864230E-02,  0.2412569E+01
  0.1060045E+01,  0.2118891E-02,  0.1352098E+01
 -0.1289763E-02, -0.3364538E-03,  0.2924805E+00
 -0.1058248E+01,  0.3008526E-02,  0.1351717E+01
  0.1794334E-02, -0.2901534E-02,  0.2414275E+01
  0.4359531E-02,  0.4360787E-02,  0.2387346E+01
  0.1041460E+01,  0.1784582E-02,  0.1345814E+01
 -0.1089982E-02, -0.3114595E-03,  0.3050815E+00
 -0.1039791E+01,  0.2827005E-02,  0.1345568E+01
  0.1713654E-02, -0.2631198E-02,  0.2388855E+01
  0.3927081E-02,  0.3909075E-02,  0.2362790E+01
  0.1023294E+01,  0.1502425E-02,  0.1339713E+01
 -0.9295624E-03, -0.2899796E-03,  0.3173754E+00
 -0.1021723E+01,  0.2659507E-02,  0.1339553E+01
  0.1635871E-02, -0.2388706E-02,  0.2364118E+01
  0.3538717E-02,  0.3503644E-02,  0.2338861E+01
  0.1005536E+01,  0.1263483E-02,  0.1333780E+01
 -0.7997693E-03, -0.2713271E-03,  0.3293728E+00
 -0.1004041E+01,  0.2504661E-02,  0.1333672E+01
  0.1561062E-02, -0.2170997E-02,  0.2340026E+01
  0.3189781E-02,  0.3139663E-02,  0.2315528E+01
  0.9881743E+00,  0.1060510E-02,  0.1328004E+01
 -0.6939138E-03, -0.2549733E-03,  0.3410837E+00
 -0.9867402E+00,  0.2361239E-02,  0.1327920E+01
  0.1489260E-02, -0.1975374E-02,  0.2316545E+01
  0.2876125E-02,  0.2812835E-02,  0.2292763E+01
  0.9711989E+00,  0.8876053E-03,  0.1322374E+01
 -0.6068582E-03, -0.2405082E-03,  0.3525177E+00
 -0.9698148E+00,  0.2228151E-02,  0.1322297E+01
  0.1420465E-02, -0.1799455E-02,  0.2293647E+01
  0.2594052E-02,  0.2519329E-02,  0.2270542E+01
  0.9545998E+00,  0.7399359E-03,  0.1316882E+01
 -0.5346439E-03, -0.2276105E-03,  0.3636836E+00
 -0.9532581E+00,  0.2104425E-02,  0.1316799E+01
  0.1354647E-02, -0.1641130E-02,  0.2271306E+01
  0.2340265E-02,  0.2255718E-02,  0.2248844E+01
  0.9383675E+00,  0.6135287E-03,  0.1311521E+01
 -0.4742105E-03, -0.2160262E-03,  0.3745900E+00
 -0.9370630E+00,  0.1989202E-02,  0.1311423E+01
  0.1291756E-02, -0.1498526E-02,  0.2249500E+01
  0.2111820E-02,  0.2018936E-02,  0.2227648E+01
  0.9224927E+00,  0.5051013E-03,  0.1306285E+01
 -0.4231848E-03, -0.2055526E-03,  0.3852450E+00
 -0.9212218E+00,  0.1881719E-02,  0.1306167E+01
  0.1231726E-02, -0.1369979E-02,  0.2228208E+01
  0.1906085E-02,  0.1806234E-02,  0.2206938E+01
  0.9069663E+00,  0.4119303E-03,  0.1301168E+01
 -0.3797193E-03, -0.1960264E-03,  0.3956561E+00
 -0.9057268E+00,  0.1781298E-02,  0.1301027E+01
  0.1174477E-02, -0.1254009E-02,  0.2207411E+01
  0.1720709E-02,  0.1615150E-02,  0.2186696E+01
  0.8917795E+00,  0.3317470E-03,  0.1296166E+01
 -0.3423706E-03, -0.1873150E-03,  0.4058309E+00
 -0.8905700E+00,  0.1687337E-02,  0.1296000E+01
  0.1119922E-02, -0.1149296E-02,  0.2187093E+01
  0.1553592E-02,  0.1443474E-02,  0.2166909E+01
  0.8769236E+00,  0.2626539E-03,  0.1291275E+01
 -0.3100063E-03, -0.1793096E-03,  0.4157762E+00
 -0.8757433E+00,  0.1599300E-02,  0.1291083E+01
  0.1067966E-02, -0.1054666E-02,  0.2167237E+01
  0.1402855E-02,  0.1289222E-02,  0.2147561E+01
  0.8623904E+00,  0.2030579E-03,  0.1286491E+01
 -0.2817346E-03, -0.1719203E-03,  0.4254989E+00
 -0.8612387E+00,  0.1516708E-02,  0.1286274E+01
  0.1018512E-02, -0.9690716E-03,  0.2147829E+01
  0.1266818E-02,  0.1150615E-02,  0.2128639E+01
  0.8481716E+00,  0.1516167E-03,  0.1281810E+01
 -0.2568495E-03, -0.1650724E-03,  0.4350053E+00
 -0.8470483E+00,  0.1439134E-02,  0.1281570E+01
  0.9714592E-03, -0.8915792E-03,  0.2128855E+01
  0.1143980E-02,  0.1026058E-02,  0.2110132E+01
  0.8342593E+00,  0.1071953E-03,  0.1277230E+01
 -0.2347894E-03, -0.1587030E-03,  0.4443017E+00
 -0.8331642E+00,  0.1366193E-02,  0.1276968E+01
  0.9267060E-03, -0.8213553E-03,  0.2110300E+01
  0.1032996E-02,  0.9141161E-03,  0.2092028E+01
  0.8206457E+00,  0.6883063E-04,  0.1272747E+01
 -0.2151053E-03, -0.1527591E-03,  0.4533939E+00
 -0.8195787E+00,  0.1297541E-02,  0.1272465E+01
  0.8841518E-03, -0.7576566E-03,  0.2092154E+01
  0.9326660E-03,  0.8135052E-03,  0.2074314E+01
  0.8073233E+00,  0.3570331E-04,  0.1268358E+01
 -0.1974360E-03, -0.1471956E-03,  0.4622878E+00
 -0.8062842E+00,  0.1232865E-02,  0.1268058E+01
  0.8436970E-03, -0.6998191E-03,  0.2074404E+01
  0.8419144E-03,  0.7230714E-03,  0.2056980E+01
  0.7942847E+00,  0.7113712E-05,  0.1264062E+01
 -0.1814894E-03, -0.1419737E-03,  0.4709888E+00
 -0.7932734E+00,  0.1171883E-02,  0.1263746E+01
  0.8052437E-03, -0.6472500E-03,  0.2057039E+01
  0.7597795E-03,  0.6417797E-03,  0.2040017E+01
  0.7815226E+00, -0.1753707E-04,  0.1259856E+01
 -0.1670275E-03, -0.1370603E-03,  0.4795022E+00
 -0.7805390E+00,  0.1114339E-02,  0.1259525E+01
  0.7686968E-03, -0.5994198E-03,  0.2040048E+01
  0.6854002E-03,  0.5687014E-03,  0.2023413E+01
  0.7690301E+00, -0.3876318E-04,  0.1255736E+01
 -0.1538551E-03, -0.1324264E-03,  0.4878332E+00
 -0.7680740E+00,  0.1059999E-02,  0.1255394E+01
  0.7339635E-03, -0.5558550E-03,  0.2023421E+01
  0.6180054E-03,  0.5030034E-03,  0.2007160E+01
  0.7568003E+00, -0.5700716E-04,  0.1251702E+01
 -0.1418111E-03, -0.1280470E-03,  0.4959868E+00
 -0.7558714E+00,  0.1008652E-02,  0.1251349E+01
  0.7009545E-03, -0.5161325E-03,  0.2007147E+01
  0.5569044E-03,  0.4439383E-03,  0.1991248E+01
  0.7448267E+00, -0.7265085E-04,  0.1247751E+01
 -0.1307612E-03, -0.1239002E-03,  0.5039676E+00
 -0.7439245E+00,  0.9601016E-03,  0.1247389E+01
  0.6695836E-03, -0.4798738E-03,  0.1991217E+01
  0.5014784E-03,  0.3908354E-03,  0.1975668E+01
  0.7331027E+00, -0.8602444E-04,  0.1243880E+01
 -0.1205931E-03, -0.1199666E-03,  0.5117803E+00
 -0.7322269E+00,  0.9141699E-03,  0.1243512E+01
  0.6397681E-03, -0.4467400E-03,  0.1975622E+01
  0.4511725E-03,  0.3430927E-03,  0.1960412E+01
  0.7216220E+00, -0.9741418E-04,  0.1240089E+01
 -0.1112119E-03, -0.1162292E-03,  0.5194293E+00
 -0.7207722E+00,  0.8706921E-03,  0.1239714E+01
  0.6114286E-03, -0.4164280E-03,  0.1960353E+01
  0.4054890E-03,  0.3001704E-03,  0.1945471E+01
  0.7103786E+00, -0.1070686E-03,  0.1236374E+01
 -0.1025365E-03, -0.1126729E-03,  0.5269191E+00
 -0.7095542E+00,  0.8295166E-03,  0.1235995E+01
  0.5844893E-03, -0.3886659E-03,  0.1945401E+01
  0.3639813E-03,  0.2615837E-03,  0.1930837E+01
  0.6993664E+00, -0.1152041E-03,  0.1232734E+01
 -0.9449779E-04, -0.1092843E-03,  0.5342536E+00
 -0.6985669E+00,  0.7905034E-03,  0.1232352E+01
  0.5588778E-03, -0.3632103E-03,  0.1930759E+01
  0.3262484E-03,  0.2268976E-03,  0.1916503E+01
  0.6885798E+00, -0.1220092E-03,  0.1229168E+01
 -0.8703574E-04, -0.1060513E-03,  0.5414371E+00
 -0.6878045E+00,  0.7535226E-03,  0.1228784E+01
  0.5345250E-03, -0.3398427E-03,  0.1916417E+01
  0.2919303E-03,  0.1957214E-03,  0.1902461E+01
  0.6780129E+00, -0.1276487E-03,  0.1225672E+01
 -0.8009822E-04, -0.1029632E-03,  0.5484733E+00
 -0.6772614E+00,  0.7184541E-03,  0.1225288E+01
  0.5113659E-03, -0.3183673E-03,  0.1902369E+01
  0.2607030E-03,  0.1677046E-03,  0.1888704E+01
  0.6676604E+00, -0.1322665E-03,  0.1222247E+01
 -0.7363954E-04, -0.1000102E-03,  0.5553660E+00
 -0.6669321E+00,  0.6851859E-03,  0.1221862E+01
  0.4893374E-03, -0.2986079E-03,  0.1888607E+01
  0.2322753E-03,  0.1425321E-03,  0.1875224E+01
  0.6575170E+00, -0.1359890E-03,  0.1218890E+01
 -0.6761943E-04, -0.9718369E-04,  0.5621190E+00
 -0.6568112E+00,  0.6536141E-03,  0.1218506E+01
  0.4683806E-03, -0.2804064E-03,  0.1875123E+01
  0.2063853E-03,  0.1199209E-03,  0.1862014E+01
  0.6475775E+00, -0.1389268E-03,  0.1215599E+01
 -0.6200213E-04, -0.9447561E-04,  0.5687357E+00
 -0.6468935E+00,  0.6236416E-03,  0.1215216E+01
  0.4484393E-03, -0.2636206E-03,  0.1861910E+01
  0.1827968E-03,  0.9961691E-04,  0.1849068E+01
  0.6378368E+00, -0.1411771E-03,  0.1212372E+01
 -0.5675578E-04, -0.9187879E-04,  0.5752197E+00
 -0.6371740E+00,  0.5951778E-03,  0.1211992E+01
  0.4294601E-03, -0.2481226E-03,  0.1848962E+01
  0.1612973E-03,  0.8139149E-04,  0.1836380E+01
  0.6282900E+00, -0.1428254E-03,  0.1209210E+01
 -0.5185181E-04, -0.8938664E-04,  0.5815741E+00
 -0.6276478E+00,  0.5681383E-03,  0.1208832E+01
  0.4113926E-03, -0.2337970E-03,  0.1836272E+01
  0.1416951E-03,  0.6503924E-04,  0.1823942E+01
  0.6189325E+00, -0.1439470E-03,  0.1206108E+01
 -0.4726446E-04, -0.8699316E-04,  0.5878024E+00
 -0.6183102E+00,  0.5424438E-03,  0.1205734E+01
  0.3941889E-03, -0.2205401E-03,  0.1823834E+01
  0.1238170E-03,  0.5037537E-04,  0.1811750E+01
  0.6097595E+00, -0.1446082E-03,  0.1203068E+01
 -0.4297047E-04, -0.8469282E-04,  0.5939075E+00
 -0.6091566E+00,  0.5180201E-03,  0.1202697E+01
  0.3778039E-03, -0.2082581E-03,  0.1811641E+01
  0.1075069E-03,  0.3723369E-04,  0.1799796E+01
  0.6007667E+00, -0.1448674E-03,  0.1200086E+01
 -0.3894870E-04, -0.8248055E-04,  0.5998925E+00
 -0.6001824E+00,  0.4947979E-03,  0.1199719E+01
  0.3621947E-03, -0.1968666E-03,  0.1799687E+01
  0.9262373E-04,  0.2546463E-04,  0.1788076E+01
  0.5919495E+00, -0.1447763E-03,  0.1197162E+01
 -0.3517990E-04, -0.8035169E-04,  0.6057605E+00
 -0.5913833E+00,  0.4727119E-03,  0.1196799E+01
  0.3473208E-03, -0.1862890E-03,  0.1787967E+01
  0.7903982E-04,  0.1493354E-04,  0.1776583E+01
  0.5833039E+00, -0.1443805E-03,  0.1194293E+01
 -0.3164647E-04, -0.7830190E-04,  0.6115142E+00
 -0.5827551E+00,  0.4517009E-03,  0.1193935E+01
  0.3331439E-03, -0.1764565E-03,  0.1776475E+01
  0.6663974E-04,  0.5519206E-05,  0.1765312E+01
  0.5748256E+00, -0.1437202E-03,  0.1191480E+01
 -0.2833230E-04, -0.7632719E-04,  0.6171564E+00
 -0.5742937E+00,  0.4317072E-03,  0.1191127E+01
  0.3196277E-03, -0.1673065E-03,  0.1765205E+01
  0.5531900E-04, -0.2887587E-05,  0.1754257E+01
  0.5665107E+00, -0.1428309E-03,  0.1188720E+01
 -0.2522258E-04, -0.7442385E-04,  0.6226898E+00
 -0.5659951E+00,  0.4126769E-03,  0.1188372E+01
  0.3067382E-03, -0.1587823E-03,  0.1754152E+01
  0.4498291E-04, -0.1038523E-04,  0.1743415E+01
  0.5583552E+00, -0.1417443E-03,  0.1186013E+01
 -0.2230368E-04, -0.7258840E-04,  0.6281171E+00
 -0.5578554E+00,  0.3945589E-03,  0.1185670E+01
  0.2944429E-03, -0.1508328E-03,  0.1743310E+01
  0.3554562E-04, -0.1706242E-04,  0.1732779E+01
  0.5503555E+00, -0.1404880E-03,  0.1183357E+01
 -0.1956305E-04, -0.7081763E-04,  0.6334407E+00
 -0.5498709E+00,  0.3773052E-03,  0.1183019E+01
  0.2827112E-03, -0.1434112E-03,  0.1732676E+01
  0.2692927E-04, -0.2299912E-04,  0.1722344E+01
  0.5425077E+00, -0.1390869E-03,  0.1180751E+01
 -0.1698907E-04, -0.6910853E-04,  0.6386631E+00
 -0.5420378E+00,  0.3608708E-03,  0.1180418E+01
  0.2715142E-03, -0.1364754E-03,  0.1722243E+01
  0.1906315E-04, -0.2826747E-04,  0.1712107E+01
  0.5348084E+00, -0.1375626E-03,  0.1178194E+01
 -0.1457101E-04, -0.6745828E-04,  0.6437868E+00
 -0.5343526E+00,  0.3452131E-03,  0.1177866E+01
  0.2608247E-03, -0.1299870E-03,  0.1712007E+01
  0.1188305E-04, -0.3293253E-04,  0.1702062E+01
  0.5272540E+00, -0.1359344E-03,  0.1175684E+01
 -0.1229892E-04, -0.6586423E-04,  0.6488140E+00
 -0.5268119E+00,  0.3302918E-03,  0.1175362E+01
  0.2506168E-03, -0.1239109E-03,  0.1701964E+01
  0.5330576E-05, -0.3705306E-04,  0.1692204E+01
  0.5198411E+00, -0.1342194E-03,  0.1173221E+01
 -0.1016355E-04, -0.6432389E-04,  0.6537471E+00
 -0.5194122E+00,  0.3160691E-03,  0.1172904E+01
  0.2408661E-03, -0.1182153E-03,  0.1692108E+01
 -0.6473842E-06, -0.4068207E-04,  0.1682531E+01
  0.5125666E+00, -0.1324327E-03,  0.1170803E+01
 -0.8156354E-05, -0.6283494E-04,  0.6585882E+00
 -0.5121503E+00,  0.3025093E-03,  0.1170492E+01
  0.2315496E-03, -0.1128713E-03,  0.1682436E+01
 -0.6099176E-05, -0.4386747E-04,  0.1673036E+01
  0.5054271E+00, -0.1305877E-03,  0.1168431E+01
 -0.6269348E-05, -0.6139517E-04,  0.6633394E+00
 -0.5050231E+00,  0.2895785E-03,  0.1168124E+01
  0.2226454E-03, -0.1078524E-03,  0.1672944E+01
 -0.1106884E-04, -0.4665252E-04,  0.1663717E+01
  0.4984195E+00, -0.1286960E-03,  0.1166101E+01
 -0.4495121E-05, -0.6000250E-04,  0.6680029E+00
 -0.4980274E+00,  0.2772449E-03,  0.1165800E+01
  0.2141330E-03, -0.1031343E-03,  0.1663626E+01
 -0.1559651E-04, -0.4907633E-04,  0.1654568E+01
  0.4915409E+00, -0.1267681E-03,  0.1163814E+01
 -0.2826767E-05, -0.5865496E-04,  0.6725807E+00
 -0.4911602E+00,  0.2654784E-03,  0.1163519E+01
  0.2059929E-03, -0.9869502E-04,  0.1654480E+01
 -0.1971881E-04, -0.5117422E-04,  0.1645587E+01
  0.4847883E+00, -0.1248132E-03,  0.1161569E+01
 -0.1257849E-05, -0.5735071E-04,  0.6770746E+00
 -0.4844186E+00,  0.2542504E-03,  0.1161279E+01
  0.1982066E-03, -0.9451432E-04,  0.1645501E+01
 -0.2346914E-04, -0.5297817E-04,  0.1636770E+01
  0.4781588E+00, -0.1228393E-03,  0.1159364E+01
  0.2176359E-06, -0.5608798E-04,  0.6814867E+00
 -0.4777997E+00,  0.2435341E-03,  0.1159080E+01
  0.1907567E-03, -0.9057369E-04,  0.1636685E+01
 -0.2687804E-04, -0.5451708E-04,  0.1628112E+01
  0.4716496E+00, -0.1208535E-03,  0.1157200E+01
  0.1605293E-05, -0.5486510E-04,  0.6858187E+00
 -0.4713007E+00,  0.2333040E-03,  0.1156920E+01
  0.1836268E-03, -0.8685615E-04,  0.1628029E+01
 -0.2997337E-04, -0.5581709E-04,  0.1619610E+01
  0.4652580E+00, -0.1188621E-03,  0.1155074E+01
  0.2910355E-05, -0.5368049E-04,  0.6900726E+00
 -0.4649191E+00,  0.2235360E-03,  0.1154799E+01
  0.1768012E-03, -0.8334615E-04,  0.1619529E+01
 -0.3278064E-04, -0.5690186E-04,  0.1611261E+01
  0.4589814E+00, -0.1168706E-03,  0.1152986E+01
  0.4137714E-05, -0.5253265E-04,  0.6942500E+00
 -0.4586520E+00,  0.2142073E-03,  0.1152717E+01
  0.1702652E-03, -0.8002938E-04,  0.1611182E+01
 -0.3532318E-04, -0.5779281E-04,  0.1603061E+01
  0.4528172E+00, -0.1148836E-03,  0.1150935E+01
  0.5291943E-05, -0.5142014E-04,  0.6983527E+00
 -0.4524970E+00,  0.2052963E-03,  0.1150671E+01
  0.1640049E-03, -0.7689269E-04,  0.1602984E+01
 -0.3762235E-04, -0.5850932E-04,  0.1595008E+01
  0.4467629E+00, -0.1129055E-03,  0.1148921E+01
  0.6377322E-05, -0.5034161E-04,  0.7023823E+00
 -0.4464516E+00,  0.1967826E-03,  0.1148661E+01
  0.1580069E-03, -0.7392400E-04,  0.1594932E+01
 -0.3969772E-04, -0.5906894E-04,  0.1587096E+01
  0.4408161E+00, -0.1109398E-03,  0.1146942E+01
  0.7397856E-05, -0.4929575E-04,  0.7063404E+00
 -0.4405133E+00,  0.1886469E-03,  0.1146687E+01
  0.1522588E-03, -0.7111217E-04,  0.1587023E+01
 -0.4156722E-04, -0.5948757E-04,  0.1579325E+01
  0.4349743E+00, -0.1089897E-03,  0.1144998E+01
  0.8357296E-05, -0.4828133E-04,  0.7102287E+00
 -0.4346799E+00,  0.1808709E-03,  0.1144748E+01
  0.1467487E-03, -0.6844693E-04,  0.1579253E+01
 -0.4324728E-04, -0.5977961E-04,  0.1571690E+01
  0.4292354E+00, -0.1070578E-03,  0.1143088E+01
  0.9259158E-05, -0.4729717E-04,  0.7140486E+00
 -0.4289489E+00,  0.1734371E-03,  0.1142843E+01
  0.1414654E-03, -0.6591880E-04,  0.1571619E+01
 -0.4475302E-04, -0.5995808E-04,  0.1564188E+01
  0.4235969E+00, -0.1051466E-03,  0.1141211E+01
  0.1010674E-04, -0.4634214E-04,  0.7178017E+00
 -0.4233182E+00,  0.1663291E-03,  0.1140971E+01
  0.1363983E-03, -0.6351904E-04,  0.1564119E+01
 -0.4609827E-04, -0.6003481E-04,  0.1556817E+01
  0.4180568E+00, -0.1032580E-03,  0.1139367E+01
  0.1090312E-04, -0.4541517E-04,  0.7214894E+00
 -0.4177856E+00,  0.1595314E-03,  0.1139131E+01
  0.1315371E-03, -0.6123955E-04,  0.1556750E+01
 -0.4729577E-04, -0.6002050E-04,  0.1549574E+01
  0.4126130E+00, -0.1013937E-03,  0.1137555E+01
  0.1165121E-04, -0.4451522E-04,  0.7251131E+00
 -0.4123489E+00,  0.1530291E-03,  0.1137323E+01
  0.1268725E-03, -0.5907285E-04,  0.1549508E+01
 -0.4835721E-04, -0.5992485E-04,  0.1542456E+01
  0.4072632E+00, -0.9955513E-04,  0.1135774E+01
  0.1235373E-04, -0.4364133E-04,  0.7286742E+00
 -0.4070061E+00,  0.1468082E-03,  0.1135547E+01
  0.1223953E-03, -0.5701201E-04,  0.1542391E+01
 -0.4929336E-04, -0.5975663E-04,  0.1535460E+01
  0.4020056E+00, -0.9774344E-04,  0.1134023E+01
  0.1301324E-04, -0.4279254E-04,  0.7321741E+00
 -0.4017552E+00,  0.1408554E-03,  0.1133801E+01
  0.1180970E-03, -0.5505060E-04,  0.1535397E+01
 -0.5011410E-04, -0.5952382E-04,  0.1528584E+01
  0.3968381E+00, -0.9595960E-04,  0.1132303E+01
  0.1363212E-04, -0.4196795E-04,  0.7356141E+00
 -0.3965942E+00,  0.1351581E-03,  0.1132084E+01
  0.1139693E-03, -0.5318267E-04,  0.1528522E+01
 -0.5082855E-04, -0.5923362E-04,  0.1521825E+01
  0.3917588E+00, -0.9420439E-04,  0.1130611E+01
  0.1421265E-04, -0.4116671E-04,  0.7389954E+00
 -0.3915212E+00,  0.1297044E-03,  0.1130397E+01
  0.1100045E-03, -0.5140268E-04,  0.1521765E+01
 -0.5144510E-04, -0.5889257E-04,  0.1515181E+01
  0.3867658E+00, -0.9247841E-04,  0.1128949E+01
  0.1475694E-04, -0.4038798E-04,  0.7423193E+00
 -0.3865343E+00,  0.1244828E-03,  0.1128738E+01
  0.1061953E-03, -0.4970548E-04,  0.1515122E+01
 -0.5197149E-04, -0.5850659E-04,  0.1508649E+01
  0.3818573E+00, -0.9078213E-04,  0.1127314E+01
  0.1526698E-04, -0.3963097E-04,  0.7455870E+00
 -0.3816317E+00,  0.1194826E-03,  0.1127108E+01
  0.1025346E-03, -0.4808624E-04,  0.1508591E+01
 -0.5241479E-04, -0.5808102E-04,  0.1502227E+01
  0.3770316E+00, -0.8911587E-04,  0.1125707E+01
  0.1574466E-04, -0.3889493E-04,  0.7487997E+00
 -0.3768117E+00,  0.1146935E-03,  0.1125504E+01
  0.9901606E-04, -0.4654064E-04,  0.1502171E+01
 -0.5278162E-04, -0.5762075E-04,  0.1495913E+01
  0.3722868E+00, -0.8747984E-04,  0.1124126E+01
  0.1619173E-04, -0.3817913E-04,  0.7519585E+00
 -0.3720724E+00,  0.1101057E-03,  0.1123928E+01
  0.9563310E-04, -0.4506440E-04,  0.1495857E+01
 -0.5307803E-04, -0.5713014E-04,  0.1489704E+01
  0.3676214E+00, -0.8587414E-04,  0.1122572E+01
  0.1660987E-04, -0.3748286E-04,  0.7550646E+00
 -0.3674123E+00,  0.1057102E-03,  0.1122378E+01
  0.9237983E-04, -0.4365370E-04,  0.1489650E+01
 -0.5330961E-04, -0.5661319E-04,  0.1483598E+01
  0.3630336E+00, -0.8429881E-04,  0.1121044E+01
  0.1700063E-04, -0.3680547E-04,  0.7581191E+00
 -0.3628297E+00,  0.1014979E-03,  0.1120853E+01
  0.8925056E-04, -0.4230490E-04,  0.1483545E+01
 -0.5348153E-04, -0.5607349E-04,  0.1477594E+01
  0.3585219E+00, -0.8275377E-04,  0.1119541E+01
  0.1736550E-04, -0.3614629E-04,  0.7611230E+00
 -0.3583229E+00,  0.9746073E-04,  0.1119354E+01
  0.8623991E-04, -0.4101465E-04,  0.1477541E+01
 -0.5359855E-04, -0.5551430E-04,  0.1471688E+01
  0.3540846E+00, -0.8123889E-04,  0.1118063E+01
  0.1770587E-04, -0.3550472E-04,  0.7640773E+00
 -0.3538905E+00,  0.9359061E-04,  0.1117879E+01
  0.8334271E-04, -0.3977979E-04,  0.1471637E+01
 -0.5366509E-04, -0.5493856E-04,  0.1465879E+01
  0.3497202E+00, -0.7975399E-04,  0.1116609E+01
  0.1802304E-04, -0.3488017E-04,  0.7669832E+00
 -0.3495308E+00,  0.8988002E-04,  0.1116428E+01
  0.8055409E-04, -0.3859736E-04,  0.1465829E+01
 -0.5368521E-04, -0.5434892E-04,  0.1460165E+01
  0.3454274E+00, -0.7829882E-04,  0.1115179E+01
  0.1831826E-04, -0.3427205E-04,  0.7698415E+00
 -0.3452425E+00,  0.8632179E-04,  0.1115002E+01
  0.7786940E-04, -0.3746460E-04,  0.1460116E+01
 -0.5366267E-04, -0.5374779E-04,  0.1454545E+01
  0.3412045E+00, -0.7687309E-04,  0.1113772E+01
  0.1859268E-04, -0.3367983E-04,  0.7726533E+00
 -0.3410240E+00,  0.8290910E-04,  0.1113598E+01
  0.7528420E-04, -0.3637893E-04,  0.1454496E+01
 -0.5360098E-04, -0.5313733E-04,  0.1449015E+01
  0.3370501E+00, -0.7547649E-04,  0.1112388E+01
  0.1884742E-04, -0.3310297E-04,  0.7754194E+00
 -0.3368739E+00,  0.7963547E-04,  0.1112217E+01
  0.7279429E-04, -0.3533791E-04,  0.1448967E+01
 -0.5350334E-04, -0.5251949E-04,  0.1443575E+01
  0.3329630E+00, -0.7410863E-04,  0.1111026E+01
  0.1908351E-04, -0.3254097E-04,  0.7781409E+00
 -0.3327909E+00,  0.7649471E-04,  0.1110858E+01
  0.7039564E-04, -0.3433927E-04,  0.1443528E+01
 -0.5337274E-04, -0.5189604E-04,  0.1438222E+01
  0.3289417E+00, -0.7276915E-04,  0.1109686E+01
  0.1930193E-04, -0.3199334E-04,  0.7808186E+00
 -0.3287736E+00,  0.7348095E-04,  0.1109521E+01
  0.6808444E-04, -0.3338087E-04,  0.1438176E+01
 -0.5321194E-04, -0.5126855E-04,  0.1432955E+01
  0.3249849E+00, -0.7145762E-04,  0.1108368E+01
  0.1950361E-04, -0.3145961E-04,  0.7834534E+00
 -0.3248207E+00,  0.7058859E-04,  0.1108206E+01
  0.6585705E-04, -0.3246069E-04,  0.1432910E+01
 -0.5302350E-04, -0.5063846E-04,  0.1427772E+01
  0.3210913E+00, -0.7017361E-04,  0.1107070E+01
  0.1968942E-04, -0.3093934E-04,  0.7860461E+00
 -0.3209308E+00,  0.6781233E-04,  0.1106911E+01
  0.6371000E-04, -0.3157685E-04,  0.1427728E+01
 -0.5280978E-04, -0.5000703E-04,  0.1422671E+01
  0.3172597E+00, -0.6891667E-04,  0.1105794E+01
  0.1986020E-04, -0.3043208E-04,  0.7885976E+00
 -0.3171029E+00,  0.6514706E-04,  0.1105637E+01
  0.6163997E-04, -0.3072757E-04,  0.1422628E+01
 -0.5257298E-04, -0.4937542E-04,  0.1417651E+01
  0.3134889E+00, -0.6768635E-04,  0.1104537E+01
  0.2001673E-04, -0.2993741E-04,  0.7911087E+00
 -0.3133356E+00,  0.6258798E-04,  0.1104383E+01
  0.5964381E-04, -0.2991118E-04,  0.1417609E+01
 -0.5231512E-04, -0.4874464E-04,  0.1412711E+01
  0.3097776E+00, -0.6648216E-04,  0.1103300E+01
  0.2015974E-04, -0.2945495E-04,  0.7935802E+00
 -0.3096277E+00,  0.6013048E-04,  0.1103149E+01
  0.5771852E-04, -0.2912609E-04,  0.1412669E+01
 -0.5203810E-04, -0.4811562E-04,  0.1407848E+01
  0.3061246E+00, -0.6530362E-04,  0.1102083E+01
  0.2028994E-04, -0.2898429E-04,  0.7960129E+00
 -0.3059780E+00,  0.5777017E-04,  0.1101934E+01
  0.5586123E-04, -0.2837082E-04,  0.1407806E+01
 -0.5174365E-04, -0.4748917E-04,  0.1403061E+01
  0.3025289E+00, -0.6415025E-04,  0.1100884E+01
  0.2040799E-04, -0.2852507E-04,  0.7984075E+00
 -0.3023855E+00,  0.5550288E-04,  0.1100738E+01
  0.5406919E-04, -0.2764397E-04,  0.1403020E+01
 -0.5143340E-04, -0.4686602E-04,  0.1398348E+01
  0.2989892E+00, -0.6302157E-04,  0.1099705E+01
  0.2051452E-04, -0.2807692E-04,  0.8007647E+00
 -0.2988490E+00,  0.5332463E-04,  0.1099561E+01
  0.5233980E-04, -0.2694421E-04,  0.1398308E+01
 -0.5110884E-04, -0.4624680E-04,  0.1393709E+01
  0.2955046E+00, -0.6191706E-04,  0.1098543E+01
  0.2061013E-04, -0.2763950E-04,  0.8030854E+00
 -0.2953675E+00,  0.5123162E-04,  0.1098402E+01
  0.5067055E-04, -0.2627029E-04,  0.1393670E+01
 -0.5077135E-04, -0.4563211E-04,  0.1389141E+01
  0.2920740E+00, -0.6083626E-04,  0.1097400E+01
  0.2069536E-04, -0.2721248E-04,  0.8053702E+00
 -0.2919398E+00,  0.4922023E-04,  0.1097261E+01
  0.4905907E-04, -0.2562103E-04,  0.1389103E+01
 -0.5042224E-04, -0.4502242E-04,  0.1384644E+01
  0.2886962E+00, -0.5977865E-04,  0.1096274E+01
  0.2077077E-04, -0.2679553E-04,  0.8076197E+00
 -0.2885649E+00,  0.4728700E-04,  0.1096138E+01
  0.4750308E-04, -0.2499530E-04,  0.1384606E+01
 -0.5006270E-04, -0.4441819E-04,  0.1380216E+01
  0.2853704E+00, -0.5874376E-04,  0.1095165E+01
  0.2083685E-04, -0.2638834E-04,  0.8098347E+00
 -0.2852419E+00,  0.4542866E-04,  0.1095032E+01
  0.4600040E-04, -0.2439206E-04,  0.1380179E+01
 -0.4969383E-04, -0.4381981E-04,  0.1375856E+01
  0.2820954E+00, -0.5773109E-04,  0.1094074E+01
  0.2089408E-04, -0.2599062E-04,  0.8120159E+00
 -0.2819696E+00,  0.4364204E-04,  0.1093942E+01
  0.4454896E-04, -0.2381030E-04,  0.1375819E+01
 -0.4931666E-04, -0.4322760E-04,  0.1371562E+01
  0.2788704E+00, -0.5674017E-04,  0.1092999E+01
  0.2094291E-04, -0.2560208E-04,  0.8141638E+00
 -0.2787473E+00,  0.4192417E-04,  0.1092869E+01
  0.4314677E-04, -0.2324907E-04,  0.1371526E+01
 -0.4893214E-04, -0.4264186E-04,  0.1367333E+01
  0.2756944E+00, -0.5577051E-04,  0.1091940E+01
  0.2098378E-04, -0.2522244E-04,  0.8162792E+00
 -0.2755738E+00,  0.4027217E-04,  0.1091813E+01
  0.4179194E-04, -0.2270747E-04,  0.1367297E+01
 -0.4854116E-04, -0.4206283E-04,  0.1363168E+01
  0.2725664E+00, -0.5482164E-04,  0.1090897E+01
  0.2101710E-04, -0.2485143E-04,  0.8183625E+00
 -0.2724483E+00,  0.3868331E-04,  0.1090772E+01
  0.4048263E-04, -0.2218465E-04,  0.1363133E+01
 -0.4814453E-04, -0.4149072E-04,  0.1359066E+01
  0.2694856E+00, -0.5389310E-04,  0.1089870E+01
  0.2104325E-04, -0.2448879E-04,  0.8204145E+00
 -0.2693699E+00,  0.3715499E-04,  0.1089747E+01
  0.3921713E-04, -0.2167981E-04,  0.1359031E+01
 -0.4774302E-04, -0.4092572E-04,  0.1355025E+01
  0.2664510E+00, -0.5298443E-04,  0.1088859E+01
  0.2106259E-04, -0.2413428E-04,  0.8224357E+00
 -0.2663377E+00,  0.3568471E-04,  0.1088738E+01
  0.3799376E-04, -0.2119217E-04,  0.1354991E+01
 -0.4733732E-04, -0.4036796E-04,  0.1351045E+01
  0.2634619E+00, -0.5209518E-04,  0.1087862E+01
  0.2107549E-04, -0.2378765E-04,  0.8244267E+00
 -0.2633509E+00,  0.3427010E-04,  0.1087743E+01
  0.3681093E-04, -0.2072101E-04,  0.1351011E+01
 -0.4692809E-04, -0.3981756E-04,  0.1347124E+01
  0.2605173E+00, -0.5122489E-04,  0.1086881E+01
  0.2108226E-04, -0.2344867E-04,  0.8263880E+00
 -0.2604085E+00,  0.3290889E-04,  0.1086763E+01
  0.3566712E-04, -0.2026562E-04,  0.1347091E+01
 -0.4651593E-04, -0.3927462E-04,  0.1343261E+01
  0.2576164E+00, -0.5037313E-04,  0.1085913E+01
  0.2108323E-04, -0.2311711E-04,  0.8283203E+00
 -0.2575098E+00,  0.3159890E-04,  0.1085798E+01
  0.3456087E-04, -0.1982537E-04,  0.1343228E+01
 -0.4610139E-04, -0.3873921E-04,  0.1339455E+01
  0.2547585E+00, -0.4953947E-04,  0.1084961E+01
  0.2107869E-04, -0.2279277E-04,  0.8302239E+00
 -0.2546540E+00,  0.3033806E-04,  0.1084847E+01
  0.3349079E-04, -0.1939962E-04,  0.1339423E+01
 -0.4568500E-04, -0.3821137E-04,  0.1335706E+01
  0.2519426E+00, -0.4872349E-04,  0.1084022E+01
  0.2106892E-04, -0.2247543E-04,  0.8320996E+00
 -0.2518402E+00,  0.2912438E-04,  0.1083910E+01
  0.3245554E-04, -0.1898777E-04,  0.1335674E+01
 -0.4526724E-04, -0.3769113E-04,  0.1332011E+01
  0.2491682E+00, -0.4792478E-04,  0.1083097E+01
  0.2105421E-04, -0.2216488E-04,  0.8339477E+00
 -0.2490677E+00,  0.2795597E-04,  0.1082987E+01
  0.3145383E-04, -0.1858926E-04,  0.1331980E+01
 -0.4484854E-04, -0.3717852E-04,  0.1328370E+01
  0.2464343E+00, -0.4714293E-04,  0.1082185E+01
  0.2103480E-04, -0.2186095E-04,  0.8357688E+00
 -0.2463358E+00,  0.2683102E-04,  0.1082077E+01
  0.3048444E-04, -0.1820355E-04,  0.1328339E+01
 -0.4442931E-04, -0.3667352E-04,  0.1324783E+01
  0.2437403E+00, -0.4637753E-04,  0.1081287E+01
  0.2101093E-04, -0.2156343E-04,  0.8375633E+00
 -0.2436437E+00,  0.2574780E-04,  0.1081181E+01
  0.2954619E-04, -0.1783013E-04,  0.1324752E+01
 -0.4400994E-04, -0.3617613E-04,  0.1321247E+01
  0.2410854E+00, -0.4562821E-04,  0.1080402E+01
  0.2098284E-04, -0.2127214E-04,  0.8393318E+00
 -0.2409907E+00,  0.2470463E-04,  0.1080297E+01
  0.2863795E-04, -0.1746851E-04,  0.1321217E+01
 -0.4359077E-04, -0.3568632E-04,  0.1317763E+01
  0.2384689E+00, -0.4489458E-04,  0.1079530E+01
  0.2095076E-04, -0.2098692E-04,  0.8410748E+00
 -0.2383760E+00,  0.2369995E-04,  0.1079426E+01
  0.2775864E-04, -0.1711822E-04,  0.1317733E+01
 -0.4317212E-04, -0.3520405E-04,  0.1314328E+01
  0.2358902E+00, -0.4417627E-04,  0.1078670E+01
  0.2091488E-04, -0.2070758E-04,  0.8427926E+00
 -0.2357990E+00,  0.2273222E-04,  0.1078568E+01
  0.2690722E-04, -0.1677881E-04,  0.1314299E+01
 -0.4275430E-04, -0.3472928E-04,  0.1310943E+01
  0.2333485E+00, -0.4347292E-04,  0.1077823E+01
  0.2087541E-04, -0.2043397E-04,  0.8444857E+00
 -0.2332591E+00,  0.2180000E-04,  0.1077722E+01
  0.2608269E-04, -0.1644987E-04,  0.1310914E+01
 -0.4233756E-04, -0.3426196E-04,  0.1307607E+01
  0.2308432E+00, -0.4278416E-04,  0.1076987E+01
  0.2083254E-04, -0.2016593E-04,  0.8461547E+00
 -0.2307555E+00,  0.2090190E-04,  0.1076889E+01
  0.2528410E-04, -0.1613098E-04,  0.1307578E+01
 -0.4192217E-04, -0.3380202E-04,  0.1304318E+01
  0.2283737E+00, -0.4210966E-04,  0.1076164E+01
  0.2078645E-04, -0.1990330E-04,  0.8477998E+00
 -0.2282876E+00,  0.2003658E-04,  0.1076067E+01
  0.2451053E-04, -0.1582177E-04,  0.1304290E+01
 -0.4150836E-04, -0.3334939E-04,  0.1301076E+01
  0.2259393E+00, -0.4144906E-04,  0.1075352E+01
  0.2073732E-04, -0.1964594E-04,  0.8494216E+00
 -0.2258547E+00,  0.1920278E-04,  0.1075256E+01
  0.2376109E-04, -0.1552185E-04,  0.1301048E+01
 -0.4109634E-04, -0.3290401E-04,  0.1297879E+01
  0.2235393E+00, -0.4080205E-04,  0.1074552E+01
  0.2068530E-04, -0.1939370E-04,  0.8510204E+00
 -0.2234563E+00,  0.1839926E-04,  0.1074458E+01
  0.2303495E-04, -0.1523089E-04,  0.1297852E+01
 -0.4068630E-04, -0.3246579E-04,  0.1294728E+01
  0.2211732E+00, -0.4016829E-04,  0.1073763E+01
  0.2063055E-04, -0.1914644E-04,  0.8525966E+00
 -0.2210917E+00,  0.1762486E-04,  0.1073670E+01
  0.2233129E-04, -0.1494854E-04,  0.1294701E+01
 -0.4027843E-04, -0.3203465E-04,  0.1291621E+01
  0.2188404E+00, -0.3954748E-04,  0.1072985E+01
  0.2057322E-04, -0.1890404E-04,  0.8541507E+00
 -0.2187604E+00,  0.1687847E-04,  0.1072894E+01
  0.2164933E-04, -0.1467448E-04,  0.1291594E+01
 -0.3987288E-04, -0.3161050E-04,  0.1288558E+01
  0.2165403E+00, -0.3893929E-04,  0.1072218E+01
  0.2051346E-04, -0.1866635E-04,  0.8556831E+00
 -0.2164618E+00,  0.1615900E-04,  0.1072128E+01
  0.2098832E-04, -0.1440840E-04,  0.1288531E+01
 -0.3946980E-04, -0.3119326E-04,  0.1285537E+01
  0.2142724E+00, -0.3834343E-04,  0.1071462E+01
  0.2045139E-04, -0.1843326E-04,  0.8571940E+00
 -0.2141952E+00,  0.1546544E-04,  0.1071373E+01
  0.2034754E-04, -0.1415002E-04,  0.1285511E+01
 -0.3906933E-04, -0.3078284E-04,  0.1282558E+01
  0.2120360E+00, -0.3775962E-04,  0.1070716E+01
  0.2038716E-04, -0.1820465E-04,  0.8586840E+00
 -0.2119602E+00,  0.1479678E-04,  0.1070629E+01
  0.1972629E-04, -0.1389904E-04,  0.1282532E+01
 -0.3867160E-04, -0.3037913E-04,  0.1279621E+01
  0.2098306E+00, -0.3718756E-04,  0.1069981E+01
  0.2032087E-04, -0.1798039E-04,  0.8601532E+00
 -0.2097561E+00,  0.1415210E-04,  0.1069894E+01
  0.1912392E-04, -0.1365519E-04,  0.1279595E+01
 -0.3827671E-04, -0.2998204E-04,  0.1276724E+01
  0.2076557E+00, -0.3662697E-04,  0.1069256E+01
  0.2025264E-04, -0.1776037E-04,  0.8616022E+00
 -0.2075825E+00,  0.1353048E-04,  0.1069170E+01
  0.1853977E-04, -0.1341823E-04,  0.1276699E+01
 -0.3788476E-04, -0.2959148E-04,  0.1273867E+01
  0.2055107E+00, -0.3607757E-04,  0.1068540E+01
  0.2018260E-04, -0.1754448E-04,  0.8630313E+00
 -0.2054389E+00,  0.1293105E-04,  0.1068456E+01
  0.1797324E-04, -0.1318789E-04,  0.1273842E+01
 -0.3749586E-04, -0.2920734E-04,  0.1271049E+01
  0.2033952E+00, -0.3553911E-04,  0.1067835E+01
  0.2011084E-04, -0.1733262E-04,  0.8644407E+00
 -0.2033246E+00,  0.1235299E-04,  0.1067752E+01
  0.1742374E-04, -0.1296396E-04,  0.1271024E+01
 -0.3711006E-04, -0.2882953E-04,  0.1268270E+01
  0.2013087E+00, -0.3501133E-04,  0.1067139E+01
  0.2003746E-04, -0.1712469E-04,  0.8658309E+00
 -0.2012393E+00,  0.1179548E-04,  0.1067057E+01
  0.1689069E-04, -0.1274618E-04,  0.1268245E+01
 -0.3672746E-04, -0.2845794E-04,  0.1265528E+01
  0.1992506E+00, -0.3449398E-04,  0.1066453E+01
  0.1996257E-04, -0.1692057E-04,  0.8672021E+00
 -0.1991823E+00,  0.1125778E-04,  0.1066372E+01
  0.1637354E-04, -0.1253436E-04,  0.1265504E+01
 -0.3634812E-04, -0.2809248E-04,  0.1262824E+01
  0.1972204E+00, -0.3398680E-04,  0.1065776E+01
  0.1988625E-04, -0.1672019E-04,  0.8685547E+00
 -0.1971534E+00,  0.1073913E-04,  0.1065696E+01
  0.1587177E-04, -0.1232828E-04,  0.1262800E+01
 -0.3597209E-04, -0.2773304E-04,  0.1260156E+01
  0.1952178E+00, -0.3348956E-04,  0.1065108E+01
  0.1980859E-04, -0.1652343E-04,  0.8698890E+00
 -0.1951518E+00,  0.1023883E-04,  0.1065030E+01
  0.1538487E-04, -0.1212775E-04,  0.1260133E+01
 -0.3559942E-04, -0.2737953E-04,  0.1257525E+01
  0.1932421E+00, -0.3300202E-04,  0.1064449E+01
  0.1972968E-04, -0.1633022E-04,  0.8712053E+00
 -0.1931773E+00,  0.9756214E-05,  0.1064372E+01
  0.1491235E-04, -0.1193256E-04,  0.1257502E+01
 -0.3523015E-04, -0.2703184E-04,  0.1254929E+01
  0.1912931E+00, -0.3252397E-04,  0.1063799E+01
  0.1964960E-04, -0.1614045E-04,  0.8725039E+00
 -0.1912293E+00,  0.9290622E-05,  0.1063723E+01
  0.1445374E-04, -0.1174254E-04,  0.1254906E+01
 -0.3486433E-04, -0.2668987E-04,  0.1252367E+01
  0.1893702E+00, -0.3205517E-04,  0.1063158E+01
  0.1956841E-04, -0.1595406E-04,  0.8737851E+00
 -0.1893075E+00,  0.8841431E-05,  0.1063083E+01
  0.1400858E-04, -0.1155750E-04,  0.1252344E+01
 -0.3450199E-04, -0.2635353E-04,  0.1249840E+01
  0.1874729E+00, -0.3159541E-04,  0.1062525E+01
  0.1948621E-04, -0.1577095E-04,  0.8750492E+00
 -0.1874113E+00,  0.8408041E-05,  0.1062451E+01
  0.1357645E-04, -0.1137729E-04,  0.1249817E+01
 -0.3414315E-04, -0.2602272E-04,  0.1247346E+01
  0.1856010E+00, -0.3114449E-04,  0.1061901E+01
  0.1940305E-04, -0.1559104E-04,  0.8762965E+00
 -0.1855403E+00,  0.7989877E-05,  0.1061828E+01
  0.1315691E-04, -0.1120173E-04,  0.1247324E+01
 -0.3378783E-04, -0.2569733E-04,  0.1244886E+01
  0.1837538E+00, -0.3070219E-04,  0.1061285E+01
  0.1931900E-04, -0.1541427E-04,  0.8775272E+00
 -0.1836942E+00,  0.7586385E-05,  0.1061213E+01
  0.1274957E-04, -0.1103068E-04,  0.1244864E+01
