MACHINE: C:\Users\lucas\Desktop\BOXSIM\hollow_sphere_mu_2516.m
DATE: 26-Jan-2024
486 1725 1
    6.1230317691E-17     0.0000000000E+00    -1.0000000000E+00
    6.1230317691E-17     0.0000000000E+00     1.0000000000E+00
    3.0615158846E-17     0.0000000000E+00    -5.0000000000E-01
    3.0615158846E-17     0.0000000000E+00     5.0000000000E-01
    2.2252093396E-01     0.0000000000E+00    -9.7492791218E-01
    4.3388373912E-01     0.0000000000E+00    -9.0096886790E-01
    6.2348980186E-01     0.0000000000E+00    -7.8183148247E-01
    7.8183148247E-01     0.0000000000E+00    -6.2348980186E-01
    9.0096886790E-01     0.0000000000E+00    -4.3388373912E-01
    9.7492791218E-01     0.0000000000E+00    -2.2252093396E-01
    1.0000000000E+00     0.0000000000E+00    -2.2100377084E-15
    9.7492791218E-01     0.0000000000E+00     2.2252093396E-01
    9.0096886790E-01     0.0000000000E+00     4.3388373912E-01
    7.8183148247E-01     0.0000000000E+00     6.2348980186E-01
    6.2348980186E-01     0.0000000000E+00     7.8183148247E-01
    4.3388373912E-01     0.0000000000E+00     9.0096886790E-01
    2.2252093396E-01     0.0000000000E+00     9.7492791218E-01
    2.1694186956E-01     0.0000000000E+00    -4.5048443395E-01
    3.9091574123E-01     0.0000000000E+00    -3.1174490093E-01
    4.8746395609E-01     0.0000000000E+00    -1.1126046698E-01
    4.8746395609E-01     0.0000000000E+00     1.1126046698E-01
    3.9091574123E-01     0.0000000000E+00     3.1174490093E-01
    2.1694186956E-01     0.0000000000E+00     4.5048443395E-01
    9.7486252023E-01     1.9254429123E-01    -1.1211495244E-01
    3.0500881008E-01    -2.2639242593E-01    -9.2504923937E-01
    5.2197499075E-01    -1.9351740037E-01     8.3071843893E-01
    9.2253262950E-01    -2.2427696080E-01     3.1405953635E-01
    8.3071843894E-01    -1.9351740039E-01    -5.2197499074E-01
    9.2891863283E-01     1.8705393652E-01     3.1956376268E-01
    3.2403574506E-01     1.9351740038E-01     9.2604095572E-01
    1.0984799406E-01    -1.9351740038E-01     9.7492791218E-01
    6.9374023083E-01     1.9351740038E-01     6.9374023083E-01
    9.7161422848E-01    -2.0158126427E-01    -1.2381754685E-01
    5.2197499075E-01    -1.9351740038E-01    -8.3071843893E-01
    9.7536824231E-01     1.9249547535E-01     1.0771389821E-01
    6.9939016206E-01    -1.9528976898E-01    -6.8754294945E-01
    5.8103262943E-01    -3.8252965340E-01    -7.1838161711E-01
    3.9501774818E-01    -3.8108036839E-01    -8.3590593457E-01
    1.7100261706E-01    -4.0497289547E-01    -8.9819544582E-01
    4.3248086384E-01    -5.5018859855E-01    -7.1431982223E-01
    6.0862006017E-01    -5.4552763822E-01    -5.7617811334E-01
    4.1003821879E-02    -2.3670312176E-01    -9.7071639460E-01
    7.0271520582E-01    -1.8469599498E-01     6.8707985631E-01
    5.9175789420E-01    -3.7579823166E-01     7.1316076991E-01
    3.9442251059E-01    -3.7550385149E-01     8.3870599178E-01
    4.5305188073E-01    -5.5343495140E-01     6.9889466155E-01
    4.5073007046E-01    -7.0230152597E-01    -5.5101267698E-01
    6.1416196613E-01    -6.8236613623E-01    -3.9646126607E-01
    4.4204271386E-01    -8.2099865220E-01    -3.6133011528E-01
    2.6798907205E-01    -8.2217007896E-01    -5.0221331974E-01
    2.5028786855E-01    -9.2000708306E-01    -3.0156748825E-01
    5.9136348705E-01    -7.8140973671E-01    -1.9921859741E-01
    2.5028677683E-01    -5.4447150320E-01     8.0056686888E-01
    2.9308266544E-01    -7.0463098526E-01     6.4621801726E-01
    4.8210932302E-01    -6.9128749740E-01     5.3823061655E-01
    3.1646992944E-01    -8.2591631108E-01     4.6659300343E-01
    4.9707212837E-01    -7.9759151580E-01     3.4171197392E-01
    3.1845277676E-01    -9.0977114402E-01     2.6627860313E-01
    6.6006333640E-01    -6.4202826013E-01     3.9002064705E-01
    7.4747456383E-01    -6.2362650888E-01    -2.2884875759E-01
    7.0804882588E-01    -7.0578256763E-01    -2.3191106055E-02
    8.4370232704E-01    -5.3485295363E-01    -4.5811585283E-02
    7.4611904944E-01    -3.3729389649E-01     5.7405504218E-01
    5.3060386906E-01    -8.4756148517E-01     9.9530394360E-03
    8.8315486601E-01    -4.0832500675E-01    -2.3088562430E-01
    7.8720527482E-01    -5.9684018741E-01     1.5520839532E-01
    9.0404074899E-01    -4.0514017314E-01     1.3627826044E-01
    8.3109428715E-01    -4.5533744804E-01     3.1929624845E-01
    3.2132073348E-01    -1.8444307648E-01     9.2883461271E-01
    8.3901211370E-01     1.9093912807E-01     5.0951047333E-01
    7.3460922047E-01     3.7256887384E-01     5.6704649497E-01
    9.2546607159E-01     3.7883045832E-01    -1.8490344468E-04
    3.2403574506E-01     1.9351740038E-01    -9.2604095572E-01
    8.3071843893E-01     1.9351740038E-01    -5.2197499075E-01
    5.7933631213E-01     3.8237743192E-01     7.1983118646E-01
    1.1605927802E-01    -8.1259953886E-01     5.7114992202E-01
    9.0115757100E-01     3.7202418735E-01    -2.2251524947E-01
    1.0573429826E-01     1.9106065995E-01     9.7586683640E-01
    2.0179309641E-01     3.7969576825E-01     9.0283479652E-01
    5.9986658978E-01     5.5086999389E-01     5.8026056586E-01
    7.3574961412E-01     5.3558981227E-01     4.1450700634E-01
    5.9061314202E-01     6.9536466567E-01     4.0944364473E-01
    8.2840522902E-01     5.4973573532E-01    -1.0740296948E-01
    4.3293159567E-01     6.9964993954E-01     5.6838384528E-01
    4.1068489144E-01     8.2643625859E-01     3.8515065938E-01
    6.9654535275E-02    -8.9906122347E-01    -4.3224664506E-01
    2.4229310672E-01     8.1134745273E-01     5.3198624172E-01
   -5.1814225512E-02    -4.2874695635E-01    -9.0193754410E-01
    4.7891609703E-02    -9.7380482015E-01    -2.2228487570E-01
    7.8230590439E-01     5.3360854392E-01    -3.2133999722E-01
    6.8895156910E-01     6.9519406220E-01    -2.0506328611E-01
    6.2492042271E-01     6.6944453066E-01    -4.0164472566E-01
    5.1473439942E-01     8.1017831989E-01    -2.8046316699E-01
    2.1333385007E-01     9.1819704387E-01     3.3377066535E-01
    4.3519204399E-01     7.5693526013E-01    -4.8750066340E-01
    3.1434358521E-01     8.8147435831E-01    -3.5240752840E-01
    2.2399281680E-01     8.0848038888E-01    -5.4423035455E-01
    9.5900062813E-02     9.1256804461E-01    -3.9752074401E-01
    1.2541600788E-03     8.2035214453E-01    -5.7185731266E-01
    1.2749113618E-01     7.0274337884E-01    -6.9992696312E-01
   -2.1634601326E-01    -3.0884150953E-01    -9.2618104307E-01
   -2.7985200066E-01    -4.4399698304E-01    -8.5120475609E-01
   -3.9521217959E-01    -2.5109373247E-01    -8.8360583442E-01
   -4.8153128719E-01    -4.2906928789E-01    -7.6421670071E-01
   -1.2763535387E-01     9.0205034796E-01    -4.1232800801E-01
   -5.8941828156E-01    -2.3220551576E-01    -7.7373554127E-01
   -6.5726092445E-01    -3.9833986297E-01    -6.3979170889E-01
   -7.5810354670E-01    -1.9640038624E-01    -6.2185681694E-01
   -8.0418732122E-01    -3.5553804210E-01    -4.7631444761E-01
    3.7600707997E-02     8.8030703509E-01     4.7291194817E-01
   -8.8421627245E-01    -1.4702850743E-01    -4.4333305937E-01
   -9.1152994532E-01    -2.9664913904E-01    -2.8480247030E-01
   -9.6491311493E-01    -8.5951434556E-02    -2.4810286483E-01
   -9.6913615267E-01    -2.3259187975E-01    -8.1707619391E-02
   -9.9909646077E-01    -1.7134861926E-02    -3.8892911733E-02
   -9.7880894726E-01    -1.5867101569E-01     1.2944710714E-01
   -2.0412469518E-02     3.6999316571E-01     9.2881020043E-01
   -9.8362988316E-01     6.1623765821E-02     1.6933624666E-01
   -9.3845869674E-01    -8.1319736421E-02     3.3568195511E-01
   -9.2298901506E-01    -3.7441929732E-01     8.8890201187E-02
   -9.7958635283E-01     2.0087467608E-01     7.7422128987E-03
   -9.3827520461E-01     2.8060102838E-01     2.0224416751E-01
   -8.1071761811E-01     1.5800039660E-02    -5.8522414717E-01
   -4.9554274205E-01    -5.1584604804E-02    -8.6705041338E-01
   -9.0947691972E-01     4.1389914766E-01     3.9232997203E-02
   -8.4524762289E-01     4.8040979121E-01     2.3401471858E-01
   -2.1896390700E-01     7.8477707509E-01    -5.7981009808E-01
   -6.8863062106E-01    -5.4734607561E-01    -4.7560502652E-01
   -7.9379002262E-01     6.0539234732E-01     5.8288127310E-02
   -8.4125815873E-01     5.2705930149E-01    -1.2038771983E-01
   -7.0917803516E-01     6.5555204255E-01     2.5945719101E-01
   -7.4096711443E-01     5.1505921313E-01     4.3090804390E-01
   -1.1755444462E-01     1.7423537171E-01     9.7766200079E-01
   -3.3964127111E-01    -6.0388163255E-01    -7.2108999496E-01
   -6.3209365125E-01     7.7136703548E-01     7.3827587124E-02
    5.4830781155E-03     9.6514164104E-01     2.6167068728E-01
   -2.4621424485E-01     3.5324816038E-01     9.0254877033E-01
   -3.3452769725E-01     1.4389322503E-01     9.3133557838E-01
   -1.3423399874E-01    -9.2908256660E-01    -3.4465463587E-01
   -1.5456600482E-01    -9.7998497309E-01    -1.2545438480E-01
   -5.9922526274E-01     6.7361633203E-01     4.3263162357E-01
   -3.2992209113E-01    -9.1452670283E-01    -2.3407760166E-01
   -3.4744502444E-01    -9.3748019220E-01    -2.0318568668E-02
   -3.4453774189E-01     8.4686506183E-01    -4.0510901184E-01
   -4.2952706049E-01     7.1142823441E-01    -5.5621611951E-01
   -2.9823602857E-01     6.3294329532E-01    -7.1444947769E-01
   -4.9547834239E-01     5.3495853335E-01    -6.8433952086E-01
   -2.5460335968E-01     9.3853232290E-01    -2.3309699294E-01
   -1.6298688386E-01    -9.8191964164E-01     9.6276129169E-02
   -3.5851486193E-01    -9.1213220062E-01     1.9870063505E-01
   -5.2649926331E-01    -8.4648798838E-01     7.9098743767E-02
   -5.1586534771E-01    -8.0406386647E-01     2.9557442662E-01
   -3.5164791959E-01     4.3914652040E-01    -8.2673700429E-01
    5.5913235699E-01     5.8181771264E-01    -5.9064300269E-01
    7.6076893078E-02    -5.8603531100E-01    -8.0670621703E-01
   -1.4147698301E-01     5.3292363037E-01     8.3425216061E-01
   -4.5160445781E-01     3.0969407171E-01     8.3674547841E-01
   -5.3420236088E-01     1.0157012715E-01     8.3923259404E-01
   -4.0609690596E-01    -6.7346923761E-02     9.1134499221E-01
   -5.9383429044E-01    -1.1010449177E-01     7.9701809038E-01
   -4.5303451761E-01    -2.7676876299E-01     8.4744249226E-01
   -6.3105494690E-01    -3.1791854242E-01     7.0759978404E-01
   -4.7296456919E-01    -4.7377144342E-01     7.4286279736E-01
   -7.2600538972E-01     5.4259432134E-02     6.8554510291E-01
   -2.8676164895E-01    -4.2639705386E-01     8.5787721100E-01
   -2.9704683078E-01    -6.1197192293E-01     7.3297581533E-01
    3.6069115255E-01     9.2092952804E-01    -1.4761672281E-01
   -3.2893480459E-01    -8.4889476745E-01     4.1373852627E-01
   -1.7078417404E-01     9.0303789633E-01     3.9415139691E-01
   -6.3109459189E-01    -5.1527001307E-01     5.7984172817E-01
    5.6158438694E-01     8.0971172212E-01     1.7026421643E-01
   -5.4446980838E-01     7.5121531337E-01    -3.7313292634E-01
   -5.4551790758E-01     3.3647040853E-01    -7.6759225940E-01
   -6.7212185857E-01     4.1869259225E-01    -6.1069527624E-01
   -6.6656229455E-01    -7.2479187424E-01     1.7427405577E-01
   -6.7105255677E-01    -7.3987680984E-01    -4.7652621224E-02
   -2.0236750911E-01     9.6251504273E-01     1.8058843753E-01
   -2.1637301828E-02     9.9908570257E-01     3.6872565576E-02
   -1.4287764289E-01     5.1847010569E-01    -8.4307456887E-01
   -1.9333114334E-01     3.1763194096E-01    -9.2829576057E-01
   -1.1209446627E-01    -8.3313092317E-01    -5.4159735551E-01
   -7.7195085098E-01    -3.3209020652E-01     5.4204056897E-01
    2.0932618266E-01    -9.7018532699E-01    -1.2215965185E-01
   -1.3539140623E-01     7.9722504315E-01     5.8830383110E-01
    1.9707368255E-02     3.8634105075E-01    -9.2214543980E-01
    2.5721114901E-01     6.7077742667E-01     6.9562926095E-01
   -1.1431216652E-01    -5.8067417246E-01     8.0607086166E-01
   -6.2231266561E-01     5.0801355488E-01     5.9552428522E-01
   -3.5346848049E-01     5.1857705457E-01     7.7854856738E-01
   -3.6230346659E-01     8.7992887562E-01     3.0734568802E-01
   -4.6191335423E-01     6.5231361335E-01     6.0093510717E-01
   -7.6006880321E-01    -5.0850020214E-01     4.0462693782E-01
   -7.5328982147E-01     3.6913212848E-01     5.4433070517E-01
    8.3716227202E-01     5.3674808642E-01     1.0517044273E-01
   -4.0913074817E-01     9.0860289743E-01     8.3980984015E-02
   -4.8604219828E-01    -7.1726075754E-01     4.9929949648E-01
   -9.9962804951E-02    -7.5122636887E-01     6.5243113072E-01
    7.7626561345E-02     5.7491903970E-01     8.1451962209E-01
   -8.8493765845E-01    -3.2355400428E-01     3.3495991844E-01
   -8.8193580835E-02    -3.5342685719E-01     9.3129552179E-01
   -8.1078460290E-01    -5.8206921562E-01     6.1836525884E-02
   -7.7630084848E-01    -6.0687146649E-01    -1.7048171693E-01
   -6.2874104611E-01    -7.3902218590E-01    -2.4193161365E-01
   -7.0269242872E-01     2.0809065656E-01    -6.8038344283E-01
   -8.3661872282E-01     2.8255093671E-01    -4.6929104061E-01
   -7.5852866958E-01     4.8214106001E-01    -4.3837684208E-01
   -9.2408692071E-01     7.6152156092E-02    -3.7451864053E-01
   -9.2057911464E-01     2.5905586345E-01    -2.9227410646E-01
    1.5622314636E-01     2.3906891619E-01    -9.5835295265E-01
    6.9374023083E-01     1.9351740038E-01    -6.9374023083E-01
    7.2292145962E-01     3.8081499576E-01    -5.7651062630E-01
    5.6595325242E-01     3.7224557688E-01    -7.3561548826E-01
    3.9765756154E-01     5.1355246552E-01    -7.6035013573E-01
    2.2304377759E-01     4.0343575976E-01    -8.8740693091E-01
    5.6170483915E-02     5.6268500306E-01    -8.2476085265E-01
    5.2094294105E-01     1.7680796247E-01    -8.3507927563E-01
    9.2493981687E-01     1.8448419479E-01    -3.3234307129E-01
    5.2485759804E-01     1.6367116701E-01     8.3530608215E-01
    9.7534162484E-01    -2.0435383665E-01     8.3356009410E-02
    9.2426767002E-01    -1.9670766960E-01    -3.2716260007E-01
   -9.3912133346E-02     6.9345575132E-01    -7.1435259654E-01
   -6.6810410312E-01    -5.1535143593E-03    -7.4404996384E-01
    6.1628360732E-01    -5.2683568915E-01     5.8535345902E-01
    7.1690874633E-01     6.9686733696E-01     2.0439278843E-02
    5.6703799549E-01     8.1965001456E-01    -8.1497026392E-02
    4.3344113506E-01     5.5043378565E-01     7.1354847772E-01
    2.6755233035E-01    -6.8411921821E-01    -6.7852534647E-01
    7.5815644475E-01    -5.1020632001E-01    -4.0606442384E-01
    7.3519052698E-01    -3.7099424155E-01    -5.6732544608E-01
    1.3392082982E-01    -9.1657624761E-01     3.7676676294E-01
    1.1751503370E-01    -9.7681183376E-01     1.7896608136E-01
   -1.0896783324E-01    -8.8203333386E-01     4.5841379700E-01
    3.6628723230E-01     9.1186903530E-01     1.8527958849E-01
    1.7931797321E-01     9.7511828767E-01     1.3034335251E-01
    1.6248664494E-01     9.8362519525E-01    -7.7971568413E-02
    3.9562172192E-01    -9.0633803004E-01    -1.4844133001E-01
    7.8107877218E-02    -7.8485922714E-01    -6.1473177328E-01
   -1.1674494181E-01    -6.9047387391E-01    -7.1387425224E-01
    3.3803847755E-01     6.7736231034E-01    -6.5338372203E-01
    6.7199503845E-02     7.5925826824E-01     6.4731067409E-01
    6.2473047167E-01    -7.6065661085E-01     1.7638979034E-01
    4.2710716479E-02    -9.9897944823E-01    -1.4692063056E-02
   -3.2222429972E-01    -8.3532518377E-01    -4.4542489607E-01
   -3.5123295495E-02     9.7466216761E-01    -2.2090725008E-01
   -5.0796516844E-01    -8.5145939369E-01    -1.3033912900E-01
   -7.0575709590E-01     7.0114589289E-01    -1.0149560816E-01
   -5.3388370840E-01     8.4083352200E-01    -8.9259028578E-02
   -7.5536973336E-01    -1.5287065028E-01     6.3721827516E-01
   -8.5248762075E-01    -2.0865975502E-03     5.2274324728E-01
   -3.9518280654E-01     2.2870090826E-01    -8.8967771916E-01
   -2.2939473306E-01     1.0025052874E-01    -9.6815695418E-01
   -6.2439041934E-01     6.0487731946E-01    -4.9422670166E-01
   -9.2079007433E-01     1.3771227566E-01     3.6493967741E-01
   -8.5437664640E-01     3.4238845634E-01     3.9091008051E-01
   -2.6676275122E-01    -2.1850865677E-01     9.3866479719E-01
   -5.3082154048E-01    -5.7851642150E-01    -6.1931191029E-01
   -5.5036345741E-01    -7.1170655474E-01    -4.3654764309E-01
    8.5952022779E-02    -6.7408335061E-01     7.3363743512E-01
    3.9770608072E-01     3.6890295750E-01     8.4008361566E-01
   -2.8970195207E-01    -7.5609438925E-01     5.8685096363E-01
   -2.0439317654E-01    -3.2168898728E-02     9.7836015421E-01
   -2.5091385991E-01     6.7285496330E-01     6.9592272076E-01
    9.0841362316E-01     3.6552010977E-01     2.0292791482E-01
   -8.9359909852E-01    -4.3344564651E-01    -1.1664271365E-01
   -6.4721654129E-01     2.7676834095E-01     7.1028869773E-01
    7.2839841382E-01     6.4407444658E-01     2.3367468412E-01
   -3.1707965463E-01     8.0346887088E-01     5.0388318701E-01
   -2.1709581526E-01     9.7582099747E-01    -2.5353262086E-02
    1.9219537971E-01    -3.6072660825E-01     9.1265395968E-01
   -5.7536385185E-02    -9.5995798156E-01     2.7417191326E-01
   -5.4350292168E-01     7.9703621837E-01     2.6332079435E-01
   -9.7498351066E-01     1.2396770651E-01    -1.8449705061E-01
   -3.4474143209E-01    -1.0404469018E-01    -9.3291374063E-01
   -6.3746698448E-01    -6.6817991545E-01     3.8362930581E-01
   -8.3922339224E-01    -4.9627580868E-01     2.2229354385E-01
    8.3714200931E-01    -1.7237652782E-01     5.1911423493E-01
    8.3145667732E-01     3.7454659205E-01    -4.1035916479E-01
    8.4642697767E-01     3.6382378235E-01     3.8883624685E-01
   -8.1904304972E-01    -4.8071751754E-01    -3.1317591068E-01
   -5.5764847253E-01     1.3295138805E-01    -8.1936079324E-01
   -4.0360580328E-01    -7.0868674475E-01    -5.7867560289E-01
    4.1887628972E-01     3.3727126992E-01    -8.4308406722E-01
    2.6316673036E-01    -5.3753440546E-01    -8.0112423193E-01
   -8.2513269712E-01     1.9335901639E-01     5.3081854048E-01
   -1.2726181091E-01    -1.6277843919E-01     9.7842097853E-01
   -8.5965694227E-01    -1.8243241804E-01     4.7718796553E-01
   -7.2359389542E-01     6.2455181437E-01    -2.9384843999E-01
    6.3869910500E-02    -5.1587397250E-01     8.5428021107E-01
    8.4375545917E-01    -3.4360387405E-01    -4.1232645181E-01
    9.2990614783E-01    -3.6409184673E-01    -5.2073826205E-02
    3.0616379911E-01    -9.5067597382E-01     4.9788762873E-02
   -4.7721616560E-01    -8.2682226157E-01    -2.9770737152E-01
   -4.4988851562E-01     8.6119435172E-01    -2.3652613404E-01
   -2.5332080157E-02     2.2203725048E-01    -9.7470905665E-01
    2.7524833552E-01     5.2326638758E-01     8.0649280308E-01
    4.3638765502E-01     8.9938552087E-01     2.5913305456E-02
    4.7060717475E-01    -8.6426538125E-01     1.7769141188E-01
   -6.6790568127E-02     6.6772384663E-01     7.4140669316E-01
    8.3995630504E-01    -3.2119814430E-01     4.3738445071E-01
   -9.3517066664E-01     3.3047389867E-01    -1.2744734814E-01
   -5.1331627835E-01     4.5270315271E-01     7.2908590297E-01
   -1.4727930460E-01    -5.5258892932E-01    -8.2033790698E-01
   -4.4549507414E-01    -6.1371129354E-01     6.5183785338E-01
    7.1468209175E-01     5.2216945142E-01    -4.6536928535E-01
    2.3186735734E-01     5.6903206699E-01    -7.8894868993E-01
    1.8826031267E-01     9.4867874863E-01    -2.5409975713E-01
    7.3597934079E-01    -4.7541197562E-01     4.8199363415E-01
    2.9734471818E-01     9.5467756272E-01     1.3299241180E-02
   -2.2054033458E-01    -9.2344649657E-01     3.1401994967E-01
   -3.7564618599E-01     9.2173644754E-01    -9.6394316381E-02
   -2.5300978764E-01    -7.5292852186E-01    -6.0752340558E-01
   -8.5589609994E-01     4.2720122567E-01    -2.9144635680E-01
   -4.6720550276E-01     7.7727263481E-01     4.2138612858E-01
   -3.9357286021E-01     6.1483078778E-02    -9.1723510330E-01
   -7.0951428767E-01    -6.2305004856E-01    -3.2923868634E-01
    8.2456490564E-01     4.9733503585E-01     2.6972315158E-01
   -6.0114244971E-01     7.6840075551E-01    -2.1951773070E-01
   -7.5528964445E-01    -6.0596079649E-01     2.4969794973E-01
    4.6311734787E-01    -1.8847366420E-01    -9.6755124680E-16
    2.8809560887E-01    -1.9102825746E-01     3.6126046698E-01
    2.8809560887E-01    -1.9102825746E-01    -3.6126046698E-01
    4.6206948058E-01     1.9102825738E-01    -1.0281284012E-15
    2.8809560887E-01     1.9102825746E-01     3.6126046698E-01
    2.9868258527E-01     2.1943814286E-01    -3.3561229822E-01
    4.2023943632E-01    -1.8436618193E-01    -1.9851429954E-01
    2.8680995448E-01    -3.4994014775E-01    -2.1279554272E-01
    4.1865213044E-01    -1.7704174668E-01     2.0829453573E-01
    2.8194058018E-01    -3.6052171344E-01     2.0132958896E-01
    1.0282013236E-01    -1.9102825746E-01     4.5048443395E-01
    8.7811767535E-02    -1.8107662442E-01    -4.5771208152E-01
    4.2607048721E-01     1.6236737815E-01     2.0518473247E-01
    3.2268809069E-01     3.3587803492E-01     1.8181953081E-01
    1.2751364121E-01     3.4265363433E-01     3.4107001948E-01
    1.3456920314E-01     4.6201138292E-01     1.3578148482E-01
    3.1744567856E-01     3.8454330607E-01    -3.6806071742E-02
    1.0181978962E-01     4.8253677582E-01    -8.2407465821E-02
    2.3557220534E-01     3.8885904160E-01    -2.0807302044E-01
    1.0434750074E-02     4.3332644797E-01    -2.4923744798E-01
   -1.2732916402E-01     4.7636953650E-01    -8.2821185017E-02
   -2.1008916585E-01     3.6839740136E-01    -2.6485070713E-01
   -6.7479221465E-02     4.1838761230E-01     2.6532689375E-01
   -7.4190501720E-02     3.0797076845E-01     3.8684593217E-01
   -7.6520012808E-02     2.9556448764E-01    -3.9596252510E-01
   -2.8250689842E-01     1.9225498270E-01    -3.6500393693E-01
   -3.8451150968E-01     2.4970759184E-01    -1.9949189833E-01
   -4.1534671786E-01     4.2698632761E-02    -2.7507077403E-01
   -4.8565096590E-01     9.8802537045E-02    -6.6190618620E-02
   -4.6898724325E-01    -1.1611036679E-01    -1.2872198100E-01
   -4.8899815242E-01    -5.9637478412E-02     8.5581412132E-02
   -4.2335352817E-01    -2.6485985600E-01     2.4920811988E-02
   -3.5654018975E-01    -3.0146048470E-01    -1.7888730882E-01
   -2.7080291216E-01    -4.2002936457E-01    -1.5527899701E-02
   -4.1280909828E-01    -1.9072332055E-01     2.0787800119E-01
   -2.5100044214E-01     3.0095165264E-01     3.1052677955E-01
   -1.7084418376E-01    -4.1968943561E-01    -2.1135998324E-01
   -5.6456751920E-02    -4.9645940658E-01    -1.8457865055E-02
   -1.6328911479E-01    -4.4465599161E-01     1.6005534704E-01
   -2.2993407483E-01     1.1386534484E-01     4.2914450302E-01
   -2.9415477234E-01    -4.4327329336E-02    -4.0188065117E-01
   -4.0892325904E-01     2.8712293647E-01     1.8498312465E-02
   -3.8280019776E-01     1.4212749004E-01     2.8855464850E-01
    4.9909338784E-02    -4.4648149295E-01    -2.1946146441E-01
    1.6004488734E-01    -4.7287026392E-01    -2.7916796615E-02
   -2.3782696547E-01     4.2084355900E-01     1.2778510610E-01
   -2.2994825590E-01    -2.6289967124E-01    -3.5778144512E-01
    3.4034188375E-01    -3.6614940463E-01    -1.0100279996E-02
    6.6925143787E-02    -4.5791306312E-01     1.8930570978E-01
   -5.4566573819E-02    -3.5503669720E-01     3.4780947753E-01
    4.1355626240E-01     2.2415424845E-01    -1.6948773034E-01
    1.0282013236E-01     1.9102825746E-01    -4.5048443395E-01
    1.3432623460E-01     3.4515316215E-01    -3.3589545599E-01
    8.7811767534E-02     1.8107662442E-01     4.5771208152E-01
   -2.6148461685E-01    -3.1103291062E-01     2.9134914392E-01
   -1.5815149114E-01    -1.8126145683E-01     4.3832908883E-01
   -3.3898051430E-01    -5.1395726022E-02     3.6393775604E-01
    1.4378119920E-01    -3.3027339901E-01    -3.4676569706E-01
   -7.6210110379E-02    -3.3782285245E-01    -3.6064905301E-01
   -3.7546881296E-01    -1.6012100140E-01    -2.8876363242E-01
   -7.5484850160E-02    -1.4495930089E-01    -4.7253448391E-01
   -1.2367451509E-01     1.0716118072E-01    -4.7246279818E-01
   -4.6433745068E-01     1.3127205929E-01     1.3098999329E-01
   -2.9717224243E-01     3.9064833302E-01    -9.5302351669E-02
   -5.3565822147E-02     4.9019387439E-01     8.2708332137E-02
    1.4697164637E-01    -3.4429423643E-01     3.3145258172E-01
   -3.6865824765E-01     2.7446999136E-01     1.9686878951E-01
   -3.2602653576E-01    -3.5313729085E-01     1.3784321453E-01
   -4.4500139289E-01    -1.1508311280E-02     2.2768688829E-01
   -6.5157375025E-01     1.3386650328E-01     3.2795651442E-01
   -5.9241688580E-01    -1.5219493839E-01     4.1417563402E-01
   -5.8663737367E-01    -3.9921914369E-01     1.9888504349E-01
    6.5098824233E-01     3.0271008070E-01     2.1981840382E-01
    5.5953074200E-01     1.7412632455E-01     4.4991103692E-01
   -4.0748046892E-01    -5.7429043683E-01    -2.0296784810E-01
   -7.2743312427E-01     7.7532004418E-02     6.9092935897E-02
   -6.4921069675E-01     1.9566946266E-01    -2.7106495852E-01
   -6.1481105199E-01    -2.9793038749E-01    -2.7732817485E-01
    4.5617996720E-01    -9.4793232747E-02     5.7203158570E-01
   -3.3987870123E-01     6.5566461613E-01    -1.0320228258E-01
   -4.2268535857E-01    -6.0493932449E-01     1.3931735741E-01
   -1.7346083710E-01     6.3887878843E-01    -3.2793493638E-01
    4.1316461107E-01     4.1916001072E-01     4.6438220477E-01
   -6.9723002158E-01    -2.3314719291E-01    -1.8636277351E-02
    2.7444407642E-01    -3.6202543099E-01    -5.8808533895E-01
   -3.4087516295E-01     1.0332487439E-01    -6.4688839314E-01
    2.7637419328E-01     6.8695143248E-01    -3.5272703383E-02
   -4.5268345395E-01     4.9854216551E-01    -3.0273248176E-01
    6.9615537683E-01     1.8465490990E-01    -1.6456706319E-01
   -6.4997618181E-01     3.2379083400E-01     1.3947975322E-01
    1.2194804913E-01    -7.1069007615E-01    -1.7092888990E-01
   -1.5739509130E-01    -6.9916779139E-01    -1.8650666653E-01
    1.0329688688E-01    -4.3594840987E-01     5.9060428364E-01
    3.1149637480E-01     1.8446053988E-01     6.4333955663E-01
    1.0787738839E-02     5.3488617672E-01    -5.0994393181E-01
   -4.3863143960E-01    -2.5743454811E-01    -5.4147052111E-01
   -2.4738986442E-01    -5.7215511650E-01    -4.1399231966E-01
   -7.9241836894E-02     3.0606067157E-01    -6.7437024019E-01
   -2.8788163819E-01     4.2342499987E-01    -5.2849075042E-01
    2.8668962233E-01    -5.7739313504E-01    -4.0272949576E-01
    1.5334626782E-01     6.6781046193E-01    -2.8224123933E-01
    5.1363326190E-01    -3.2605029597E-01     4.3259547952E-01
    1.6280874531E-01    -9.1049334298E-02     7.1331172005E-01
    2.5177314826E-02     6.8431835483E-01     2.7099460614E-01
    7.2918094728E-01    -9.4193970909E-02    -1.6200374375E-15
    6.0259185159E-01     4.5410696813E-01     2.9206808928E-03
    4.9914458572E-01    -3.3964857313E-01    -4.4019999424E-01
    4.6307209672E-01    -9.7653174626E-02    -5.7502225477E-01
    2.2587398671E-01     3.8983873096E-01    -5.8644616060E-01
    1.6992168710E-01    -6.0906554275E-01     3.9114244881E-01
   -4.6508391729E-01     5.2902427647E-01     2.4010945392E-01
   -4.8279776783E-01     3.4254767269E-01     4.1997658423E-01
    6.6635014728E-01    -3.3944573339E-01    -8.3388756944E-02
    4.7256482864E-01     4.3939465739E-01    -3.4984431979E-01
    5.5804192781E-01     1.8649571547E-01    -4.4502358731E-01
   -2.2614224209E-01     6.9324820177E-01     1.4215199519E-01
   -2.7691759717E-01    -5.7976902614E-01     3.7355520570E-01
   -7.0504481807E-01    -5.6822962823E-02    -2.2670090089E-01
   -5.3364609749E-02     5.5772829633E-01     4.9566244320E-01
    1.4181587758E-01     4.0524882956E-01     6.0344224157E-01
    6.6293675280E-01    -1.8973655535E-01    -2.9945714376E-01
   -1.6344576455E-01     7.1196738346E-02     7.1887910946E-01
   -5.4971508710E-02    -6.8898468313E-01     2.6225873215E-01
    6.3026468964E-01    -9.5959856512E-02     3.7236997042E-01
    8.1651693859E-03    -6.4274184867E-01    -4.0092479616E-01
   -2.0548569990E-01    -3.8056519800E-01    -5.9953827309E-01
    3.7912398174E-01    -6.0658055496E-01    -1.6090590262E-01
   -5.8694785633E-01     4.6512226326E-01    -7.6195348662E-02
   -3.5929750083E-01    -1.1404847642E-01     6.3767158223E-01
   -4.8298525672E-01     9.9743690959E-02     5.3353696849E-01
   -5.9082767289E-01    -4.6820803249E-01    -5.1926135212E-02
   -1.1448313941E-01     3.3071233460E-01     6.5466711822E-01
   -5.4055608884E-01    -1.0768017406E-02    -5.0717641382E-01
   -2.7764942904E-02     7.3422866103E-01    -4.8947101800E-02
    2.7939925971E-01    -6.6331458309E-01     1.3915318822E-01
    6.6599967316E-01    -2.8461859119E-01     1.8164071142E-01
    3.5611602202E-01     1.5573540993E-01    -6.2196644701E-01
    1.0846303233E-01     1.2432521775E-01    -7.0486547630E-01
    4.1696160688E-01    -5.4679417511E-01     3.2944825791E-01
    2.2156626412E-01    -1.1938587954E-01    -6.9150628900E-01
   -2.9878429168E-01     5.1969095654E-01     4.3428114757E-01
    3.4746309324E-02    -3.0618370643E-01    -6.8437965257E-01
   -4.2378406137E-01    -3.4486430462E-01     5.0774866763E-01
   -1.7074024104E-01    -4.1415423059E-01     5.8984399584E-01
   -8.8989428319E-02    -1.8810773622E-01     7.1249434735E-01
    7.0705746675E-02     1.7075687025E-01     7.2460464558E-01
    3.2465616899E-01    -3.1067638921E-01     6.0255782676E-01
   -5.0017059755E-01     2.9650844065E-01    -4.5570264041E-01
   -7.4710718366E-02    -6.8510571715E-02    -7.5000000000E-01
    7.1537284522E-01     6.1340341339E-02     1.9639682428E-01
    2.8033552536E-01     6.6970604189E-01     2.2398742068E-01
    4.7043320026E-01     5.9116290920E-01    -1.5473533868E-01
   -4.7626607285E-01    -4.5368903439E-01    -4.0273006838E-01
    5.0273367562E-01     5.1546501005E-01     2.3471710723E-01
   -7.3020341712E-01    -1.3083994501E-01     2.0688119533E-01
   -2.0024310070E-01    -6.8533863201E-01     5.9145421704E-02
    1.7797092821E-01     5.9811185202E-01     4.3756306397E-01
   -3.0217640667E-01    -1.3044587226E-01    -6.9568148665E-01
   -3.5071431158E-01     2.8640766278E-01     6.1651194443E-01
    5.0631141236E-01    -5.5582137793E-01     6.2927068467E-02
    2.9610962978E-01     5.6820904930E-01    -4.4494049945E-01
    5.5316152807E-01    -4.7292571841E-01    -2.5094387977E-01
   -7.2631918447E-01     2.6128479419E-01    -6.6420830865E-02
   -5.1484044190E-02    -5.9111584775E-01     4.8091796984E-01
    5.9796056573E-02    -6.8817403347E-01     5.5824963090E-02
    7.9111682159E-02    -4.6209369882E-01    -5.2255916646E-01
    6.9437768908E-01     3.4660525916E-02    -3.3891806361E-01
    7.6524486449E-01     2.2966655762E-01     4.2702367052E-02
407 424 90 432 1
391 392 81 401 1
391 401 81 472 1
71 81 392 401 1
169 434 422 459 1
46 457 428 465 1
169 422 437 459 1
71 81 391 392 1
54 46 428 465 1
54 428 46 457 1
234 405 422 452 1
274 435 390 461 1
245 393 399 474 1
54 428 411 465 1
234 422 405 469 1
212 432 427 455 1
331 392 391 401 1
212 433 432 455 1
277 407 90 432 1
90 407 77 424 1
71 80 81 401 1
83 90 77 424 1
382 429 398 446 1
245 410 393 474 1
277 407 432 433 1
143 410 245 474 1
384 428 457 465 1
274 399 390 435 1
390 399 386 435 1
90 432 424 470 1
245 399 151 474 1
171 405 470 472 1
111 436 396 451 1
169 267 434 459 1
59 457 454 478 1
135 429 398 434 1
398 429 135 446 1
245 151 143 474 1
171 470 424 472 1
236 445 409 453 1
364 398 382 429 1
111 396 108 451 1
176 245 393 399 1
206 406 287 446 1
54 46 55 457 1
404 416 153 417 1
384 411 428 465 1
294 456 416 467 1
108 396 414 451 1
165 461 447 462 1
384 457 420 465 1
140 410 474 483 1
422 434 136 452 1
161 447 165 461 1
16 412 397 421 1
331 391 332 401 1
15 218 392 397 1
136 234 422 452 1
206 406 395 466 1
420 454 59 457 1
250 153 404 416 1
440 448 158 477 1
115 394 402 436 1
392 397 218 412 1
238 444 415 484 1
440 447 158 448 1
204 395 451 466 1
238 415 443 484 1
429 434 313 459 1
360 429 382 446 1
206 287 312 446 1
173 404 153 417 1
143 142 245 410 1
323 392 331 401 1
315 396 449 471 1
154 427 212 432 1
177 136 434 452 1
335 470 405 472 1
369 424 407 432 1
144 400 398 406 1
144 293 172 398 1
165 462 447 463 1
405 419 96 470 1
10 439 423 485 1
127 413 400 417 1
313 434 190 459 1
2 440 421 463 1
36 426 425 439 1
272 394 436 481 1
315 449 393 471 1
132 254 408 430 1
335 424 470 472 1
378 396 436 451 1
400 413 99 419 1
176 399 393 449 1
411 462 288 463 1
171 469 405 472 1
40 418 47 425 1
384 420 320 465 1
179 413 221 417 1
173 404 417 466 1
28 36 425 439 1
421 440 2 464 1
17 30 16 412 1
179 416 413 417 1
196 435 274 461 1
422 434 341 459 1
148 398 400 452 1
144 398 172 406 1
388 408 254 430 1
7 433 210 455 1
250 180 153 416 1
16 17 412 421 1
77 90 277 407 1
150 399 435 474 1
46 420 457 465 1
160 447 389 448 1
426 433 7 455 1
41 40 47 425 1
171 224 424 470 1
69 421 26 465 1
30 412 17 464 1
26 421 397 465 1
400 419 244 452 1
272 394 115 436 1
22 392 23 397 1
271 429 135 434 1
51 418 409 445 1
412 421 17 464 1
403 418 40 425 1
140 409 89 410 1
15 218 32 392 1
129 429 408 446 1
160 389 248 448 1
105 244 400 419 1
109 108 396 414 1
373 390 386 435 1
249 389 388 448 1
427 432 324 455 1
195 135 398 434 1
165 447 255 463 1
23 397 392 412 1
10 423 407 485 1
59 454 66 478 1
259 226 401 438 1
75 401 392 412 1
269 421 411 463 1
20 21 423 486 1
401 412 259 438 1
176 151 245 399 1
432 433 324 455 1
77 424 407 486 1
138 440 158 477 1
422 341 437 459 1
334 422 405 452 1
28 36 229 425 1
328 454 457 478 1
72 83 77 486 1
267 190 434 459 1
335 405 469 472 1
272 436 395 481 1
360 364 382 429 1
11 407 10 423 1
83 424 77 486 1
332 401 391 472 1
49 418 51 445 1
215 416 185 427 1
21 468 423 486 1
388 430 193 448 1
404 416 380 467 1
20 423 407 486 1
11 24 10 407 1
8 433 426 485 1
378 414 396 451 1
70 392 391 468 1
431 454 319 478 1
317 398 246 446 1
90 424 91 470 1
27 423 454 468 1
349 402 394 436 1
179 221 146 417 1
304 277 432 433 1
256 444 414 471 1
115 402 114 436 1
80 81 401 472 1
407 423 11 486 1
71 392 75 401 1
349 348 402 436 1
400 406 145 417 1
373 390 435 461 1
22 323 23 392 1
408 429 132 430 1
68 59 307 420 1
11 24 407 486 1
84 469 401 475 1
236 409 291 453 1
15 392 14 397 1
70 391 29 468 1
159 261 255 447 1
154 427 432 479 1
81 278 71 391 1
136 178 234 452 1
105 98 244 419 1
10 33 423 439 1
214 455 427 456 1
261 440 255 447 1
317 247 246 398 1
163 161 165 461 1
158 440 159 447 1
71 75 80 401 1
23 392 323 412 1
161 255 165 447 1
109 108 111 396 1
159 440 261 447 1
403 426 34 458 1
255 447 440 463 1
253 394 388 473 1
388 389 249 473 1
109 396 107 414 1
91 90 83 424 1
48 418 445 480 1
328 454 420 457 1
144 145 400 406 1
256 104 414 444 1
34 403 37 426 1
378 436 346 451 1
214 282 427 455 1
364 398 429 434 1
317 406 398 446 1
160 162 389 447 1
302 460 444 484 1
315 396 279 449 1
28 425 229 439 1
194 391 316 424 1
129 131 408 429 1
437 450 262 459 1
138 159 158 440 1
409 418 50 443 1
150 152 168 399 1
145 127 400 417 1
409 410 242 483 1
171 405 225 470 1
61 478 431 480 1
415 444 134 471 1
405 422 334 469 1
267 313 190 459 1
86 409 50 443 1
140 242 410 483 1
256 415 134 471 1
59 420 68 454 1
140 474 242 483 1
255 440 261 463 1
256 134 444 471 1
395 436 123 451 1
71 391 278 392 1
177 178 136 452 1
235 405 234 452 1
455 456 6 458 1
304 277 90 432 1
215 185 214 427 1
238 302 444 484 1
173 250 153 404 1
107 414 396 471 1
190 169 267 434 1
118 394 253 473 1
182 199 389 390 1
247 135 246 398 1
150 399 168 435 1
86 51 50 409 1
64 445 236 453 1
246 398 135 446 1
224 171 424 472 1
214 73 282 455 1
235 419 405 452 1
308 233 234 405 1
163 461 165 462 1
338 419 400 452 1
277 407 433 485 1
34 38 403 458 1
254 193 388 430 1
269 411 288 463 1
259 295 226 438 1
46 420 223 457 1
248 160 162 389 1
73 455 214 456 1
316 424 391 472 1
353 402 390 473 1
312 395 446 481 1
139 415 410 443 1
290 423 431 454 1
135 429 129 446 1
132 408 131 429 1
50 409 51 418 1
389 447 162 461 1
386 399 390 449 1
37 34 38 403 1
345 406 395 446 1
353 389 390 461 1
140 242 409 410 1
350 390 353 402 1
144 148 293 398 1
70 278 29 391 1
168 399 152 435 1
92 432 470 479 1
109 107 396 471 1
254 132 193 430 1
189 262 450 459 1
403 425 37 426 1
48 418 49 445 1
10 220 33 439 1
15 32 14 392 1
169 422 184 437 1
286 249 389 473 1
252 417 406 466 1
139 181 415 443 1
213 212 154 427 1
189 459 450 477 1
109 107 108 414 1
27 454 442 468 1
303 435 461 462 1
106 124 451 476 1
139 409 86 443 1
123 395 207 436 1
212 211 432 433 1
75 259 226 401 1
376 418 403 425 1
86 139 89 409 1
195 271 135 434 1
204 451 404 466 1
395 436 347 481 1
75 259 401 412 1
306 419 235 452 1
131 132 126 408 1
12 423 27 468 1
420 442 299 454 1
6 455 73 456 1
139 410 409 443 1
277 433 74 485 1
310 148 268 398 1
215 413 416 427 1
411 421 269 465 1
218 397 16 412 1
14 397 392 442 1
234 235 308 405 1
323 331 332 401 1
306 405 235 419 1
352 399 393 474 1
278 391 70 392 1
148 400 244 452 1
101 444 460 467 1
277 217 407 485 1
274 318 390 399 1
160 248 164 448 1
144 172 145 406 1
444 467 101 476 1
394 347 436 481 1
182 192 199 390 1
182 170 192 461 1
416 456 380 467 1
387 388 394 473 1
97 99 413 419 1
307 299 68 420 1
203 393 315 449 1
204 395 205 451 1
124 404 451 476 1
242 89 140 409 1
173 204 404 466 1
387 388 381 394 1
20 322 21 486 1
345 446 395 481 1
183 291 236 409 1
171 225 224 470 1
148 398 144 400 1
89 409 139 410 1
277 74 217 485 1
194 316 266 424 1
353 349 402 473 1
14 392 70 442 1
145 406 252 417 1
376 403 321 425 1
315 279 202 449 1
200 288 462 463 1
319 423 431 439 1
291 453 409 483 1
120 390 402 473 1
122 388 253 394 1
115 114 113 436 1
249 388 164 448 1
291 409 183 483 1
280 173 204 404 1
147 417 252 466 1
95 93 96 479 1
352 399 386 449 1
316 266 424 472 1
56 453 428 457 1
170 196 274 461 1
205 395 204 466 1
401 469 332 475 1
238 415 311 443 1
400 413 343 417 1
397 412 23 421 1
304 211 277 433 1
284 388 193 448 1
256 281 134 415 1
290 219 423 454 1
369 424 432 470 1
331 392 22 468 1
380 416 404 417 1
381 388 385 408 1
112 402 396 436 1
66 454 431 478 1
256 134 104 444 1
388 389 387 448 1
361 385 381 388 1
280 404 204 451 1
350 353 349 402 1
148 268 398 452 1
56 57 453 457 1
304 432 211 433 1
106 451 414 476 1
369 432 407 433 1
425 426 19 439 1
393 399 352 449 1
389 390 199 473 1
20 407 322 486 1
274 152 399 435 1
15 16 218 397 1
392 401 323 412 1
23 397 421 465 1
61 62 431 478 1
116 115 394 402 1
94 422 234 469 1
388 394 122 408 1
442 454 21 468 1
337 419 470 479 1
212 427 282 455 1
17 421 2 464 1
84 85 469 475 1
384 328 420 457 1
268 310 398 434 1
119 388 249 473 1
60 61 431 480 1
296 225 171 405 1
129 135 131 429 1
411 329 462 463 1
350 386 390 449 1
298 437 198 450 1
66 59 68 454 1
184 169 110 422 1
411 421 329 463 1
340 400 343 417 1
350 402 396 449 1
238 134 311 415 1
387 394 349 473 1
387 389 388 473 1
293 317 172 398 1
104 414 444 476 1
370 416 413 427 1
33 431 423 439 1
423 21 454 468 1
27 423 219 454 1
184 422 110 437 1
319 20 423 439 1
384 328 320 420 1
145 146 127 417 1
114 402 112 436 1
289 65 439 480 1
348 378 396 436 1
20 423 439 485 1
301 430 459 477 1
220 439 10 485 1
137 440 138 477 1
311 415 181 443 1
345 395 347 481 1
57 297 453 457 1
147 145 252 417 1
49 50 51 418 1
351 350 396 449 1
403 460 283 484 1
338 400 339 452 1
383 422 334 452 1
216 7 210 455 1
233 234 405 469 1
64 445 453 478 1
97 419 413 479 1
46 223 55 457 1
12 219 27 423 1
47 49 48 418 1
398 400 340 406 1
305 100 413 427 1
337 419 405 470 1
286 119 249 473 1
385 408 388 430 1
317 172 398 406 1
20 407 423 485 1
196 303 435 461 1
326 418 376 425 1
426 19 439 485 1
126 132 254 408 1
403 458 39 460 1
19 425 321 426 1
272 395 208 481 1
264 279 396 449 1
392 442 22 468 1
274 175 318 399 1
265 193 430 448 1
99 400 127 413 1
43 420 397 442 1
56 57 58 453 1
195 398 310 434 1
119 118 253 473 1
256 281 415 471 1
413 427 100 479 1
92 432 90 470 1
353 390 389 473 1
345 360 446 481 1
68 420 299 454 1
254 388 122 408 1
450 459 342 477 1
231 230 453 483 1
268 434 398 452 1
348 396 350 402 1
238 311 181 443 1
348 346 378 436 1
365 444 414 476 1
344 404 451 466 1
349 387 381 394 1
61 62 60 431 1
354 342 459 477 1
370 343 413 416 1
137 450 440 477 1
296 405 171 469 1
120 275 201 390 1
222 106 124 451 1
352 393 410 474 1
396 402 264 449 1
437 438 198 450 1
364 341 434 459 1
215 305 413 427 1
409 418 362 445 1
230 428 58 453 1
116 402 394 473 1
179 215 413 416 1
56 58 428 453 1
151 399 150 474 1
148 105 244 400 1
23 421 412 464 1
243 410 139 415 1
141 430 429 459 1
243 292 142 410 1
426 455 6 458 1
385 388 361 430 1
333 332 469 475 1
92 90 91 470 1
321 426 403 458 1
119 253 388 473 1
335 469 332 472 1
323 412 401 438 1
333 401 332 475 1
346 436 395 451 1
231 441 230 483 1
333 469 334 475 1
213 427 154 479 1
243 139 181 415 1
222 124 404 451 1
423 468 11 486 1
2 421 31 463 1
350 352 386 449 1
236 51 409 445 1
395 406 345 466 1
345 347 360 481 1
404 467 380 476 1
207 395 272 436 1
391 392 331 468 1
305 100 215 413 1
334 405 336 452 1
380 404 344 417 1
440 450 133 464 1
4 450 440 464 1
326 376 321 425 1
63 420 43 442 1
205 395 123 451 1
302 155 460 484 1
238 134 415 444 1
179 153 416 417 1
275 120 199 390 1
113 272 115 436 1
118 122 253 394 1
351 350 348 396 1
63 299 420 442 1
366 319 454 478 1
379 467 444 476 1
121 394 272 481 1
14 70 13 442 1
301 430 191 459 1
394 408 381 481 1
379 460 444 467 1
418 425 326 480 1
141 191 430 459 1
173 417 147 466 1
57 241 297 457 1
408 429 360 446 1
244 419 306 452 1
298 198 156 450 1
364 434 429 459 1
212 211 154 432 1
347 394 381 481 1
151 150 143 474 1
336 419 338 452 1
317 287 406 446 1
303 166 435 462 1
289 228 65 480 1
175 399 176 449 1
229 425 289 439 1
143 140 410 474 1
292 257 393 415 1
264 396 112 402 1
346 451 395 466 1
258 411 54 428 1
340 382 398 406 1
100 97 413 479 1
303 461 163 462 1
222 124 280 404 1
111 123 436 451 1
202 203 315 449 1
365 444 415 471 1
97 98 99 419 1
377 415 444 484 1
369 433 407 485 1
3 380 456 467 1
355 415 393 471 1
112 396 111 436 1
21 331 22 468 1
290 431 67 454 1
320 397 23 465 1
5 458 456 467 1
247 195 135 398 1
355 393 351 471 1
37 425 36 426 1
66 431 62 478 1
129 131 126 408 1
344 417 404 466 1
117 450 438 464 1
329 421 411 465 1
290 67 219 454 1
337 470 432 479 1
37 403 40 425 1
387 361 388 448 1
64 236 291 453 1
140 149 242 474 1
43 44 397 420 1
353 390 373 461 1
272 121 115 394 1
242 474 149 483 1
282 212 213 427 1
338 343 400 413 1
270 149 441 483 1
339 400 398 452 1
301 459 189 477 1
137 133 440 450 1
346 344 451 466 1
328 366 454 478 1
114 112 113 436 1
411 428 258 482 1
186 401 226 438 1
17 2 78 464 1
263 391 194 486 1
208 272 207 395 1
355 365 415 471 1
128 396 315 471 1
128 279 315 396 1
428 441 76 482 1
119 253 249 388 1
316 391 81 472 1
229 228 289 425 1
179 215 221 413 1
122 408 394 481 1
328 327 420 454 1
156 189 262 450 1
203 176 393 449 1
120 199 390 473 1
391 424 194 486 1
238 155 302 484 1
210 433 212 455 1
305 239 100 427 1
269 31 421 463 1
35 11 468 486 1
385 429 408 430 1
236 49 51 445 1
379 444 365 476 1
203 176 245 393 1
413 419 371 479 1
141 132 429 430 1
335 405 334 469 1
29 391 263 486 1
397 420 320 442 1
162 447 161 461 1
355 351 365 471 1
365 414 444 471 1
340 406 400 417 1
3 458 330 467 1
69 269 421 465 1
133 2 440 464 1
200 269 288 463 1
426 433 19 485 1
22 397 320 442 1
384 428 411 482 1
14 43 397 442 1
186 226 295 438 1
339 340 398 400 1
397 420 44 465 1
5 6 456 458 1
340 406 417 466 1
274 196 152 435 1
353 389 387 473 1
240 438 437 475 1
365 414 359 476 1
458 460 330 467 1
435 462 260 482 1
94 136 234 422 1
316 194 263 391 1
222 404 280 451 1
109 128 107 471 1
343 340 338 400 1
69 26 45 465 1
79 438 412 464 1
6 426 7 455 1
338 413 400 419 1
332 469 401 472 1
371 370 413 427 1
23 421 329 465 1
138 158 157 477 1
366 431 319 478 1
324 432 427 479 1
149 474 441 483 1
319 423 21 454 1
369 407 20 485 1
379 380 467 476 1
377 443 415 484 1
396 414 378 471 1
125 446 408 481 1
13 27 442 468 1
129 408 125 446 1
368 411 329 462 1
431 439 65 480 1
122 254 253 388 1
78 30 17 464 1
121 122 394 481 1
183 409 242 483 1
46 44 420 465 1
120 264 402 449 1
109 396 128 471 1
116 114 115 402 1
265 284 193 448 1
288 411 187 462 1
252 406 206 466 1
33 65 431 439 1
173 153 147 417 1
428 367 453 483 1
67 431 66 454 1
321 425 403 426 1
239 100 427 479 1
249 284 164 388 1
418 326 445 480 1
371 324 427 479 1
428 441 367 483 1
233 405 296 469 1
283 403 39 460 1
401 438 186 475 1
299 442 27 454 1
182 389 162 461 1
227 403 283 484 1
4 421 440 463 1
391 424 332 472 1
326 362 418 445 1
310 293 148 398 1
386 373 353 390 1
29 468 391 486 1
416 427 370 456 1
185 416 294 456 1
325 425 19 439 1
340 382 339 398 1
110 422 94 475 1
368 435 441 482 1
383 434 422 452 1
179 146 153 417 1
4 440 421 464 1
6 73 5 456 1
160 158 447 448 1
215 214 305 427 1
117 133 450 464 1
71 278 70 392 1
196 170 303 461 1
371 370 343 413 1
110 437 422 475 1
44 223 46 420 1
127 99 105 400 1
21 22 442 468 1
184 437 262 459 1
410 415 355 443 1
204 205 123 451 1
186 438 240 475 1
19 433 426 455 1
398 434 339 452 1
352 393 355 410 1
352 351 393 449 1
380 343 416 417 1
79 117 438 464 1
342 450 437 459 1
229 36 37 425 1
369 335 424 470 1
413 416 343 417 1
259 412 79 438 1
99 100 97 413 1
268 195 310 434 1
333 332 334 469 1
357 386 399 435 1
155 283 460 484 1
108 414 106 451 1
41 37 40 425 1
371 432 324 479 1
26 397 44 465 1
145 127 144 400 1
117 198 438 450 1
312 446 130 481 1
40 403 227 418 1
94 422 469 475 1
340 417 344 466 1
141 191 188 430 1
321 19 325 425 1
357 368 435 441 1
67 62 66 431 1
363 409 445 453 1
398 406 382 446 1
177 434 268 452 1
189 301 191 459 1
456 458 3 467 1
251 416 404 467 1
63 276 299 442 1
359 344 404 451 1
191 301 188 430 1
359 404 380 476 1
383 334 336 452 1
60 52 61 480 1
200 288 187 462 1
79 412 30 464 1
110 94 87 475 1
440 447 374 463 1
371 413 338 419 1
278 81 316 391 1
317 246 287 446 1
168 435 232 441 1
264 202 279 449 1
164 388 284 448 1
74 433 8 485 1
369 19 433 485 1
351 396 378 471 1
371 337 432 479 1
357 435 399 474 1
70 29 13 468 1
101 444 88 460 1
109 111 112 396 1
385 360 408 429 1
349 353 387 473 1
291 183 242 483 1
233 296 171 469 1
336 338 339 452 1
319 431 325 439 1
231 230 58 453 1
319 325 20 439 1
294 1 456 467 1
80 401 82 472 1
198 437 240 438 1
137 138 157 477 1
392 397 22 442 1
76 428 230 441 1
295 259 79 438 1
52 445 64 478 1
2 31 285 463 1
28 229 289 439 1
232 441 435 482 1
347 395 346 436 1
125 408 122 481 1
221 99 127 413 1
227 418 403 484 1
368 384 411 482 1
322 332 391 424 1
233 308 296 405 1
307 63 299 420 1
6 7 216 455 1
6 34 426 458 1
142 143 140 410 1
365 359 379 476 1
238 443 237 484 1
120 201 264 449 1
112 264 279 396 1
365 378 414 471 1
329 320 23 465 1
63 43 276 442 1
4 421 23 464 1
53 411 269 465 1
336 405 337 419 1
187 462 411 482 1
80 82 81 472 1
244 98 306 419 1
69 45 269 465 1
357 441 435 474 1
290 423 33 431 1
10 407 217 485 1
368 428 384 482 1
260 435 166 462 1
323 401 333 438 1
349 394 402 473 1
178 235 234 452 1
303 163 166 462 1
216 210 212 455 1
237 443 418 484 1
321 403 330 458 1
241 457 59 478 1
76 441 232 482 1
336 405 419 452 1
141 429 313 459 1
33 220 65 439 1
56 58 230 428 1
43 63 44 420 1
210 8 74 433 1
292 243 257 415 1
366 431 478 480 1
16 69 17 421 1
125 130 446 481 1
364 339 398 434 1
333 422 341 475 1
84 401 186 475 1
383 341 422 434 1
184 262 267 459 1
302 88 444 460 1
94 469 87 475 1
185 209 214 456 1
332 335 334 469 1
375 387 389 448 1
13 12 27 468 1
312 208 395 481 1
350 390 402 449 1
365 351 378 471 1
422 437 341 475 1
123 207 111 436 1
393 415 257 471 1
76 258 428 482 1
16 15 26 397 1
187 411 258 482 1
3 379 380 467 1
381 394 388 408 1
130 312 287 446 1
205 206 395 466 1
359 380 379 476 1
19 369 20 485 1
140 89 139 410 1
354 459 430 477 1
270 441 231 483 1
12 11 423 468 1
258 54 76 428 1
256 414 107 471 1
121 125 122 481 1
130 129 125 446 1
352 350 351 449 1
244 306 235 452 1
265 448 430 477 1
414 451 359 476 1
183 236 51 409 1
260 462 166 482 1
377 355 415 443 1
64 453 297 478 1
352 410 356 474 1
374 462 329 463 1
404 359 451 476 1
321 18 426 458 1
61 52 64 478 1
359 346 344 451 1
137 117 133 450 1
303 166 260 435 1
59 223 307 420 1
186 84 226 401 1
163 162 161 461 1
366 319 327 454 1
306 167 235 405 1
133 138 137 440 1
15 14 43 397 1
444 460 377 484 1
257 315 393 471 1
12 35 11 468 1
207 123 205 395 1
380 344 343 417 1
138 261 159 440 1
77 277 217 407 1
375 389 353 461 1
240 437 110 475 1
369 432 335 470 1
133 78 2 464 1
240 198 298 437 1
294 416 251 467 1
413 371 427 479 1
40 227 47 418 1
34 25 38 458 1
24 217 10 407 1
224 424 266 472 1
104 107 256 414 1
186 198 240 438 1
257 315 203 393 1
237 418 227 484 1
375 447 389 461 1
358 447 440 448 1
332 331 322 391 1
374 447 461 462 1
362 410 355 443 1
264 112 114 402 1
29 278 263 391 1
407 424 322 486 1
346 395 345 466 1
286 389 199 473 1
409 453 363 483 1
222 280 204 451 1
102 444 101 476 1
447 462 374 463 1
173 280 250 404 1
111 108 123 451 1
257 415 281 471 1
391 322 424 486 1
409 410 362 443 1
363 409 362 445 1
322 407 369 424 1
333 334 422 475 1
409 362 418 443 1
48 445 52 480 1
85 469 171 472 1
96 419 97 479 1
192 274 318 390 1
373 461 435 462 1
356 410 409 483 1
309 441 149 474 1
304 90 92 432 1
165 200 462 463 1
309 168 232 441 1
232 435 260 482 1
160 161 162 447 1
358 448 440 477 1
141 188 132 430 1
199 286 182 389 1
43 44 26 397 1
48 49 52 445 1
427 455 370 456 1
396 402 348 436 1
128 109 279 396 1
285 255 261 463 1
151 176 175 399 1
345 382 406 446 1
302 88 102 444 1
233 94 234 469 1
154 211 304 432 1
367 441 428 482 1
179 153 180 416 1
366 453 445 478 1
270 231 149 483 1
14 276 43 442 1
266 316 81 472 1
319 431 423 454 1
158 448 265 477 1
201 175 176 449 1
3 330 379 467 1
7 36 8 426 1
4 358 440 450 1
330 460 379 467 1
8 28 9 485 1
9 220 10 485 1
354 429 385 430 1
28 439 9 485 1
364 339 382 398 1
366 478 445 480 1
238 302 134 444 1
342 438 437 450 1
335 337 405 470 1
237 50 418 443 1
265 430 301 477 1
325 439 431 480 1
24 77 407 486 1
198 79 117 438 1
254 122 126 408 1
75 226 80 401 1
383 339 434 452 1
61 66 62 478 1
178 177 268 452 1
241 59 66 478 1
160 164 158 448 1
428 453 328 457 1
371 337 324 432 1
232 76 230 441 1
59 223 420 457 1
355 410 393 415 1
209 73 214 456 1
318 201 275 390 1
314 404 124 476 1
24 72 77 486 1
167 225 405 470 1
5 456 1 467 1
174 147 252 466 1
354 364 429 459 1
356 352 355 410 1
328 366 327 454 1
88 101 102 444 1
53 54 258 411 1
347 346 348 436 1
34 37 36 426 1
108 106 222 451 1
354 429 430 459 1
361 430 388 448 1
300 272 208 481 1
356 362 409 410 1
39 283 38 403 1
327 21 442 454 1
189 450 137 477 1
228 425 41 480 1
86 89 51 409 1
310 195 247 398 1
116 115 118 394 1
371 419 337 479 1
161 159 255 447 1
117 156 198 450 1
281 311 134 415 1
195 190 271 434 1
368 462 435 482 1
333 341 437 475 1
335 432 337 470 1
325 425 439 480 1
133 2 261 440 1
29 263 35 486 1
31 2 17 421 1
389 447 375 448 1
20 439 19 485 1
11 10 33 423 1
367 368 441 482 1
249 248 286 389 1
148 144 105 400 1
283 227 40 403 1
4 440 374 463 1
1 251 42 467 1
384 329 411 465 1
155 283 39 460 1
248 162 182 389 1
356 441 474 483 1
40 37 38 403 1
246 135 129 446 1
168 260 232 435 1
299 276 27 442 1
309 270 149 441 1
367 428 368 482 1
263 194 72 486 1
379 377 444 460 1
18 455 426 458 1
224 266 171 472 1
341 333 334 422 1
197 166 462 482 1
29 35 468 486 1
30 218 16 412 1
155 227 283 484 1
269 200 31 463 1
220 9 28 439 1
408 446 360 481 1
328 457 453 478 1
366 325 431 480 1
287 206 252 406 1
75 71 32 392 1
141 132 131 429 1
203 202 176 449 1
65 290 33 431 1
385 364 360 429 1
125 129 126 408 1
368 367 384 428 1
19 324 433 455 1
18 456 455 458 1
158 159 160 447 1
356 441 357 474 1
32 70 14 392 1
378 359 414 451 1
11 35 24 486 1
19 426 18 455 1
192 275 199 390 1
335 332 424 472 1
193 284 254 388 1
116 394 118 473 1
224 91 424 470 1
380 416 370 456 1
103 102 101 476 1
30 79 259 412 1
328 428 367 453 1
170 182 162 461 1
167 93 225 470 1
143 149 140 474 1
4 372 450 464 1
48 228 41 480 1
118 121 122 394 1
238 237 155 484 1
141 313 191 459 1
291 231 453 483 1
79 30 78 464 1
437 438 333 475 1
166 163 165 462 1
312 300 208 481 1
112 111 113 436 1
113 207 272 436 1
148 244 268 452 1
9 439 220 485 1
169 190 177 434 1
384 428 328 457 1
158 265 157 477 1
330 377 460 484 1
191 262 189 459 1
368 329 374 462 1
334 469 422 475 1
356 474 410 483 1
397 320 420 465 1
317 287 172 406 1
252 206 174 466 1
367 441 356 483 1
242 183 89 409 1
247 317 293 398 1
82 80 84 401 1
257 243 281 415 1
290 219 33 423 1
280 124 314 404 1
53 269 45 465 1
357 399 352 474 1
357 367 368 441 1
11 219 12 423 1
206 312 205 395 1
297 58 57 453 1
100 239 97 479 1
320 420 327 442 1
370 427 324 455 1
387 375 361 448 1
184 110 240 437 1
174 173 147 466 1
363 362 326 445 1
152 150 151 399 1
302 155 88 460 1
94 85 87 469 1
84 87 85 475 1
22 320 327 442 1
386 352 357 399 1
235 167 308 405 1
292 203 245 393 1
87 469 85 475 1
274 152 175 399 1
187 197 462 482 1
383 364 341 434 1
282 213 214 427 1
110 169 136 422 1
26 44 45 465 1
172 252 145 406 1
356 367 357 441 1
168 152 196 435 1
418 443 362 484 1
224 91 83 424 1
18 3 456 458 1
107 106 108 414 1
185 294 209 456 1
237 50 227 418 1
385 354 364 429 1
374 440 358 447 1
373 435 368 462 1
95 96 97 479 1
377 362 355 443 1
243 142 139 410 1
354 341 364 459 1
18 321 330 458 1
118 115 121 394 1
330 458 403 460 1
150 309 149 474 1
381 387 361 388 1
377 415 365 444 1
265 164 284 448 1
212 210 211 433 1
64 291 297 453 1
73 6 216 455 1
277 211 74 433 1
290 62 67 431 1
189 156 137 450 1
333 437 342 438 1
139 86 181 443 1
239 427 213 479 1
376 418 362 484 1
7 6 34 426 1
346 345 344 466 1
85 171 82 472 1
239 213 154 479 1
197 260 166 482 1
288 258 187 411 1
265 193 188 430 1
102 104 134 444 1
215 100 221 413 1
323 372 412 438 1
75 218 259 412 1
243 181 311 415 1
179 185 215 416 1
368 411 462 482 1
57 56 55 457 1
236 64 52 445 1
146 145 147 417 1
60 431 65 480 1
200 187 165 462 1
316 263 278 391 1
49 47 50 418 1
216 212 282 455 1
94 110 136 422 1
23 412 372 464 1
53 45 46 465 1
188 301 265 430 1
325 319 366 431 1
358 440 450 477 1
327 319 21 454 1
337 336 335 405 1
364 383 339 434 1
96 98 97 419 1
165 255 200 463 1
279 109 112 396 1
73 216 282 455 1
105 144 127 400 1
296 167 225 405 1
329 421 4 463 1
326 425 325 480 1
180 251 294 416 1
384 320 329 465 1
369 337 335 432 1
380 370 3 456 1
192 318 275 390 1
53 288 269 411 1
6 25 34 458 1
371 338 337 419 1
375 353 373 461 1
220 289 65 439 1
345 360 382 446 1
379 330 377 460 1
166 187 197 462 1
231 242 149 483 1
41 228 229 425 1
300 121 272 481 1
366 363 445 453 1
125 126 122 408 1
155 237 227 484 1
348 350 349 402 1
231 270 230 441 1
27 276 13 442 1
23 320 22 397 1
236 52 49 445 1
401 333 438 475 1
78 133 117 464 1
312 130 300 481 1
24 77 217 407 1
358 342 354 477 1
120 402 116 473 1
357 373 386 435 1
361 358 430 448 1
294 185 180 416 1
358 450 342 477 1
376 403 418 484 1
187 258 197 482 1
346 347 345 395 1
322 335 332 424 1
226 84 80 401 1
194 266 224 424 1
64 297 241 478 1
181 237 238 443 1
26 15 43 397 1
205 174 206 466 1
237 86 50 443 1
22 331 323 392 1
131 135 271 429 1
324 432 369 433 1
221 100 99 413 1
330 460 403 484 1
18 370 455 456 1
89 183 51 409 1
146 147 153 417 1
292 257 203 393 1
342 437 341 459 1
356 355 362 410 1
280 314 250 404 1
291 242 231 483 1
291 231 58 453 1
9 74 8 485 1
256 257 281 471 1
251 404 314 476 1
386 353 350 390 1
27 219 67 454 1
71 70 32 392 1
293 310 247 398 1
381 347 349 394 1
384 367 328 428 1
19 18 324 455 1
60 62 65 431 1
378 351 348 396 1
327 442 420 454 1
87 240 110 475 1
430 448 358 477 1
366 326 325 480 1
10 217 9 485 1
326 362 376 418 1
111 207 113 436 1
241 57 59 457 1
133 261 138 440 1
124 106 103 476 1
173 174 204 466 1
366 445 326 480 1
142 140 139 410 1
374 447 375 461 1
305 214 213 427 1
251 467 404 476 1
198 295 79 438 1
229 37 41 425 1
305 213 239 427 1
198 186 295 438 1
188 193 132 430 1
29 35 12 468 1
180 185 179 416 1
358 354 430 477 1
21 319 20 423 1
84 186 87 475 1
378 346 359 451 1
355 352 351 393 1
205 208 207 395 1
46 45 44 465 1
339 338 340 400 1
14 13 276 442 1
361 358 354 430 1
150 149 143 474 1
336 334 335 405 1
362 443 377 484 1
161 160 159 447 1
267 262 191 459 1
374 4 358 440 1
253 284 249 388 1
298 262 184 437 1
270 232 230 441 1
328 453 366 478 1
256 107 128 471 1
287 246 130 446 1
360 381 385 408 1
174 205 204 466 1
20 325 19 439 1
157 189 137 477 1
330 403 376 484 1
68 299 27 454 1
370 380 343 416 1
303 260 196 435 1
312 208 205 395 1
69 269 31 421 1
377 355 365 415 1
265 158 164 448 1
248 182 286 389 1
60 65 228 480 1
376 330 321 403 1
202 264 201 449 1
267 191 313 459 1
38 283 40 403 1
329 368 384 411 1
252 172 287 406 1
372 323 333 438 1
7 34 36 426 1
79 78 117 464 1
365 378 359 414 1
4 23 372 464 1
59 55 223 457 1
4 372 358 450 1
92 154 304 432 1
210 74 211 433 1
223 44 63 420 1
438 450 372 464 1
227 50 47 418 1
1 209 294 456 1
116 120 114 402 1
104 106 107 414 1
17 69 31 421 1
224 225 91 470 1
177 195 268 434 1
152 151 175 399 1
343 338 371 413 1
254 284 253 388 1
322 369 335 424 1
218 30 259 412 1
92 91 93 470 1
156 117 137 450 1
308 167 296 405 1
354 342 341 459 1
18 330 3 458 1
223 63 307 420 1
343 344 340 417 1
244 235 178 452 1
56 76 54 428 1
42 458 5 467 1
303 170 163 461 1
13 29 12 468 1
200 285 31 463 1
373 374 461 462 1
85 233 171 469 1
42 460 458 467 1
289 220 28 439 1
358 372 342 450 1
134 302 102 444 1
125 300 130 481 1
120 264 114 402 1
197 232 260 482 1
313 141 271 429 1
324 370 371 427 1
338 336 337 419 1
340 345 382 406 1
380 359 344 404 1
98 96 306 419 1
370 324 18 455 1
60 48 52 480 1
333 323 332 401 1
353 375 387 389 1
372 438 342 450 1
190 195 177 434 1
39 458 42 460 1
288 53 258 411 1
33 219 11 423 1
257 128 315 471 1
297 291 58 453 1
412 438 372 464 1
383 336 339 452 1
162 163 170 461 1
9 217 74 485 1
224 83 194 424 1
321 325 326 425 1
342 333 341 437 1
68 67 66 454 1
246 129 130 446 1
76 56 230 428 1
184 240 298 437 1
18 19 321 426 1
357 368 373 435 1
356 409 363 483 1
244 178 268 452 1
22 327 21 442 1
18 3 370 456 1
176 202 201 449 1
367 363 453 483 1
119 116 118 473 1
88 155 39 460 1
328 367 363 453 1
311 281 243 415 1
300 125 121 481 1
324 369 19 433 1
120 116 199 473 1
241 61 64 478 1
141 131 271 429 1
197 76 232 482 1
119 286 199 473 1
341 334 383 422 1
240 87 186 475 1
171 266 82 472 1
361 354 385 430 1
377 365 379 444 1
376 362 377 484 1
76 197 258 482 1
4 329 23 421 1
330 376 377 484 1
356 362 363 409 1
375 447 358 448 1
204 123 222 451 1
265 301 157 477 1
373 374 375 461 1
101 460 42 467 1
1 5 209 456 1
374 329 4 463 1
356 357 352 474 1
309 232 270 441 1
166 165 187 462 1
328 327 320 420 1
5 25 6 458 1
66 61 241 478 1
209 5 73 456 1
68 27 67 454 1
233 85 94 469 1
108 222 123 451 1
266 81 82 472 1
65 62 290 431 1
39 25 42 458 1
154 95 239 479 1
196 260 168 435 1
42 5 1 467 1
366 328 363 453 1
369 324 337 432 1
273 101 42 467 1
374 358 375 447 1
294 251 1 467 1
55 59 57 457 1
251 250 314 404 1
372 23 323 412 1
257 256 128 471 1
255 285 200 463 1
35 72 24 486 1
20 369 322 407 1
373 368 374 462 1
237 181 86 443 1
101 88 42 460 1
273 101 467 476 1
157 301 189 477 1
263 72 35 486 1
225 93 91 470 1
116 119 199 473 1
60 228 48 480 1
333 342 372 438 1
95 97 239 479 1
25 5 42 458 1
363 326 366 445 1
367 356 363 483 1
251 273 42 467 1
273 314 124 476 1
251 314 273 476 1
361 375 358 448 1
251 273 467 476 1
88 39 42 460 1
273 103 101 476 1
124 103 273 476 1
446 206 395 312 1
446 395 206 406 1
465 54 53 411 1
465 53 54 46 1
390 182 461 389 1
390 461 182 192 1
439 36 485 28 1
439 485 36 426 1
8 485 36 28 1
8 36 485 426 1
416 250 251 404 1
416 251 250 180 1
433 7 8 426 1
433 8 7 210 1
96 470 479 93 1
479 470 96 419 1
421 26 16 69 1
421 16 26 397 1
419 105 99 400 1
419 99 105 98 1
480 418 47 48 1
47 418 480 425 1
47 41 480 48 1
480 41 47 425 1
436 349 347 394 1
436 347 349 348 1
427 185 456 416 1
427 456 185 214 1
434 313 271 429 1
434 271 313 190 1
461 192 274 170 1
461 274 192 390 1
486 83 194 72 1
486 194 83 424 1
457 54 56 55 1
457 56 54 428 1
417 221 127 413 1
417 127 221 146 1
399 318 449 175 1
399 449 318 390 1
201 449 318 175 1
201 318 449 390 1
136 434 169 177 1
169 434 136 422 1
449 471 351 393 1
351 471 449 396 1
405 96 306 167 1
405 306 96 419 1
448 248 249 389 1
448 249 248 164 1
218 392 75 32 1
75 392 218 412 1
478 52 480 61 1
478 480 52 445 1
442 70 468 392 1
442 468 70 13 1
410 292 245 393 1
410 245 292 142 1
470 167 96 405 1
470 96 167 93 1
479 93 92 95 1
479 92 93 470 1
480 289 425 439 1
480 425 289 228 1
261 463 2 285 1
2 463 261 440 1
478 297 457 453 1
478 457 297 241 1
450 298 262 156 1
450 262 298 437 1
381 481 360 347 1
360 481 381 408 1
449 120 390 402 1
449 390 120 201 1
415 292 410 393 1
415 410 292 243 1
483 428 230 453 1
483 230 428 441 1
476 102 104 103 1
476 104 102 444 1
459 184 169 267 1
459 169 184 437 1
441 168 474 309 1
441 474 168 435 1
150 474 168 309 1
150 168 474 435 1
391 486 331 322 1
391 331 486 468 1
21 331 486 322 1
21 486 331 468 1
476 104 106 103 1
476 106 104 414 1
458 38 39 25 1
458 39 38 403 1
401 472 84 82 1
401 84 472 469 1
85 84 472 82 1
85 472 84 469 1
466 340 345 344 1
466 345 340 406 1
479 92 154 95 1
479 154 92 432 1
3
    5.0000000000E+02
