      0.0000000,      0.0000000,      5.0000000
      3.5355340,      0.0000000,      3.5355338
      5.0000000,      0.0000000,     -0.0000002
      3.5355337,      0.0000000,     -3.5355341
     -0.0000004,      0.0000000,     -5.0000000
      0.0000000,      0.0000000,      8.3277592
      5.8886151,      0.0000000,      5.8886149
      8.3277592,      0.0000000,     -0.0000004
      5.8886146,      0.0000000,     -5.8886154
     -0.0000007,      0.0000000,     -8.3277592
      0.0000000,      0.0000000,     11.6555184
      8.2416963,      0.0000000,      8.2416959
     11.6555184,      0.0000000,     -0.0000005
      8.2416956,      0.0000000,     -8.2416966
     -0.0000010,      0.0000000,    -11.6555184
      0.0000000,      0.0000000,     14.9832776
     10.5947774,      0.0000000,     10.5947770
     14.9832776,      0.0000000,     -0.0000007
     10.5947765,      0.0000000,    -10.5947779
     -0.0000013,      0.0000000,    -14.9832776
      0.0000000,      0.0000000,     18.3110368
     12.9478586,      0.0000000,     12.9478580
     18.3110368,      0.0000000,     -0.0000008
     12.9478574,      0.0000000,    -12.9478591
     -0.0000016,      0.0000000,    -18.3110368
      0.0000000,      0.0000000,     21.6387960
     15.3009397,      0.0000000,     15.3009390
     21.6387960,      0.0000000,     -0.0000009
     15.3009384,      0.0000000,    -15.3009404
     -0.0000019,      0.0000000,    -21.6387960
      0.0000000,      0.0000000,     24.9665552
     17.6540209,      0.0000000,     17.6540201
     24.9665552,      0.0000000,     -0.0000011
     17.6540193,      0.0000000,    -17.6540216
     -0.0000022,      0.0000000,    -24.9665552
      0.0000000,      0.0000000,     28.2943144
     20.0071020,      0.0000000,     20.0071011
     28.2943144,      0.0000000,     -0.0000012
     20.0071003,      0.0000000,    -20.0071029
     -0.0000025,      0.0000000,    -28.2943144
      0.0000000,      0.0000000,     31.6220736
     22.3601832,      0.0000000,     22.3601822
     31.6220736,      0.0000000,     -0.0000014
     22.3601812,      0.0000000,    -22.3601841
     -0.0000028,      0.0000000,    -31.6220736
      0.0000000,      0.0000000,     34.9498328
     24.7132643,      0.0000000,     24.7132632
     34.9498328,      0.0000000,     -0.0000015
     24.7132621,      0.0000000,    -24.7132654
     -0.0000031,      0.0000000,    -34.9498328
      0.0000000,      0.0000000,     38.2775920
     27.0663454,      0.0000000,     27.0663443
     38.2775920,      0.0000000,     -0.0000017
     27.0663431,      0.0000000,    -27.0663466
     -0.0000033,      0.0000000,    -38.2775920
      0.0000000,      0.0000000,     41.6053512
     29.4194266,      0.0000000,     29.4194253
     41.6053512,      0.0000000,     -0.0000018
     29.4194240,      0.0000000,    -29.4194279
     -0.0000036,      0.0000000,    -41.6053512
      0.0000000,      0.0000000,     44.9331104
     31.7725077,      0.0000000,     31.7725063
     44.9331104,      0.0000000,     -0.0000020
     31.7725050,      0.0000000,    -31.7725091
     -0.0000039,      0.0000000,    -44.9331104
      0.0000000,      0.0000000,     48.2608696
     34.1255889,      0.0000000,     34.1255874
     48.2608696,      0.0000000,     -0.0000021
     34.1255859,      0.0000000,    -34.1255904
     -0.0000042,      0.0000000,    -48.2608696
      0.0000000,      0.0000000,     51.5886288
     36.4786700,      0.0000000,     36.4786684
     51.5886288,      0.0000000,     -0.0000023
     36.4786668,      0.0000000,    -36.4786716
     -0.0000045,      0.0000000,    -51.5886288
      0.0000000,      0.0000000,     54.9163880
     38.8317512,      0.0000000,     38.8317495
     54.9163880,      0.0000000,     -0.0000024
     38.8317478,      0.0000000,    -38.8317529
     -0.0000048,      0.0000000,    -54.9163880
      0.0000000,      0.0000000,     58.2441472
     41.1848323,      0.0000000,     41.1848305
     58.2441472,      0.0000000,     -0.0000025
     41.1848287,      0.0000000,    -41.1848341
     -0.0000051,      0.0000000,    -58.2441472
      0.0000000,      0.0000000,     61.5719064
     43.5379135,      0.0000000,     43.5379116
     61.5719064,      0.0000000,     -0.0000027
     43.5379097,      0.0000000,    -43.5379154
     -0.0000054,      0.0000000,    -61.5719064
      0.0000000,      0.0000000,     64.8996656
     45.8909946,      0.0000000,     45.8909926
     64.8996656,      0.0000000,     -0.0000028
     45.8909906,      0.0000000,    -45.8909966
     -0.0000057,      0.0000000,    -64.8996656
      0.0000000,      0.0000000,     68.2274247
     48.2440758,      0.0000000,     48.2440736
     68.2274247,      0.0000000,     -0.0000030
     48.2440715,      0.0000000,    -48.2440779
     -0.0000060,      0.0000000,    -68.2274247
      0.0000000,      0.0000000,     71.5551839
     50.5971569,      0.0000000,     50.5971547
     71.5551839,      0.0000000,     -0.0000031
     50.5971525,      0.0000000,    -50.5971591
     -0.0000063,      0.0000000,    -71.5551839
      0.0000000,      0.0000000,     74.8829431
     52.9502380,      0.0000000,     52.9502357
     74.8829431,      0.0000000,     -0.0000033
     52.9502334,      0.0000000,    -52.9502404
     -0.0000065,      0.0000000,    -74.8829431
      0.0000000,      0.0000000,     78.2107023
     55.3033192,      0.0000000,     55.3033168
     78.2107023,      0.0000000,     -0.0000034
     55.3033144,      0.0000000,    -55.3033216
     -0.0000068,      0.0000000,    -78.2107023
      0.0000000,      0.0000000,     81.5384615
     57.6564003,      0.0000000,     57.6563978
     81.5384615,      0.0000000,     -0.0000036
     57.6563953,      0.0000000,    -57.6564029
     -0.0000071,      0.0000000,    -81.5384615
      0.0000000,      0.0000000,     84.8662207
     60.0094815,      0.0000000,     60.0094789
     84.8662207,      0.0000000,     -0.0000037
     60.0094762,      0.0000000,    -60.0094841
     -0.0000074,      0.0000000,    -84.8662207
      0.0000000,      0.0000000,     88.1939799
     62.3625626,      0.0000000,     62.3625599
     88.1939799,      0.0000000,     -0.0000039
     62.3625572,      0.0000000,    -62.3625654
     -0.0000077,      0.0000000,    -88.1939799
      0.0000000,      0.0000000,     91.5217391
     64.7156438,      0.0000000,     64.7156410
     91.5217391,      0.0000000,     -0.0000040
     64.7156381,      0.0000000,    -64.7156466
     -0.0000080,      0.0000000,    -91.5217391
      0.0000000,      0.0000000,     94.8494983
     67.0687249,      0.0000000,     67.0687220
     94.8494983,      0.0000000,     -0.0000041
     67.0687191,      0.0000000,    -67.0687279
     -0.0000083,      0.0000000,    -94.8494983
      0.0000000,      0.0000000,     98.1772575
     69.4218061,      0.0000000,     69.4218030
     98.1772575,      0.0000000,     -0.0000043
     69.4218000,      0.0000000,    -69.4218091
     -0.0000086,      0.0000000,    -98.1772575
      0.0000000,      0.0000000,    101.5050167
     71.7748872,      0.0000000,     71.7748841
    101.5050167,      0.0000000,     -0.0000044
     71.7748809,      0.0000000,    -71.7748904
     -0.0000089,      0.0000000,   -101.5050167
      0.0000000,      0.0000000,    104.8327759
     74.1279684,      0.0000000,     74.1279651
    104.8327759,      0.0000000,     -0.0000046
     74.1279619,      0.0000000,    -74.1279716
     -0.0000092,      0.0000000,   -104.8327759
      0.0000000,      0.0000000,    108.1605351
     76.4810495,      0.0000000,     76.4810462
    108.1605351,      0.0000000,     -0.0000047
     76.4810428,      0.0000000,    -76.4810529
     -0.0000095,      0.0000000,   -108.1605351
      0.0000000,      0.0000000,    111.4882943
     78.8341307,      0.0000000,     78.8341272
    111.4882943,      0.0000000,     -0.0000049
     78.8341238,      0.0000000,    -78.8341341
     -0.0000097,      0.0000000,   -111.4882943
      0.0000000,      0.0000000,    114.8160535
     81.1872118,      0.0000000,     81.1872083
    114.8160535,      0.0000000,     -0.0000050
     81.1872047,      0.0000000,    -81.1872154
     -0.0000100,      0.0000000,   -114.8160535
      0.0000000,      0.0000000,    118.1438127
     83.5402929,      0.0000000,     83.5402893
    118.1438127,      0.0000000,     -0.0000052
     83.5402856,      0.0000000,    -83.5402966
     -0.0000103,      0.0000000,   -118.1438127
      0.0000000,      0.0000000,    121.4715719
     85.8933741,      0.0000000,     85.8933703
    121.4715719,      0.0000000,     -0.0000053
     85.8933666,      0.0000000,    -85.8933778
     -0.0000106,      0.0000000,   -121.4715719
      0.0000000,      0.0000000,    124.7993311
     88.2464552,      0.0000000,     88.2464514
    124.7993311,      0.0000000,     -0.0000055
     88.2464475,      0.0000000,    -88.2464591
     -0.0000109,      0.0000000,   -124.7993311
      0.0000000,      0.0000000,    128.1270903
     90.5995364,      0.0000000,     90.5995324
    128.1270903,      0.0000000,     -0.0000056
     90.5995285,      0.0000000,    -90.5995403
     -0.0000112,      0.0000000,   -128.1270903
      0.0000000,      0.0000000,    131.4548495
     92.9526175,      0.0000000,     92.9526135
    131.4548495,      0.0000000,     -0.0000057
     92.9526094,      0.0000000,    -92.9526216
     -0.0000115,      0.0000000,   -131.4548495
      0.0000000,      0.0000000,    134.7826087
     95.3056987,      0.0000000,     95.3056945
    134.7826087,      0.0000000,     -0.0000059
     95.3056903,      0.0000000,    -95.3057028
     -0.0000118,      0.0000000,   -134.7826087
      0.0000000,      0.0000000,    138.1103679
     97.6587798,      0.0000000,     97.6587756
    138.1103679,      0.0000000,     -0.0000060
     97.6587713,      0.0000000,    -97.6587841
     -0.0000121,      0.0000000,   -138.1103679
      0.0000000,      0.0000000,    141.4381271
    100.0118610,      0.0000000,    100.0118566
    141.4381271,      0.0000000,     -0.0000062
    100.0118522,      0.0000000,   -100.0118653
     -0.0000124,      0.0000000,   -141.4381271
      0.0000000,      0.0000000,    144.7658863
    102.3649421,      0.0000000,    102.3649376
    144.7658863,      0.0000000,     -0.0000063
    102.3649332,      0.0000000,   -102.3649466
     -0.0000127,      0.0000000,   -144.7658863
      0.0000000,      0.0000000,    148.0936455
    104.7180233,      0.0000000,    104.7180187
    148.0936455,      0.0000000,     -0.0000065
    104.7180141,      0.0000000,   -104.7180278
     -0.0000129,      0.0000000,   -148.0936455
      0.0000000,      0.0000000,    151.4214047
    107.0711044,      0.0000000,    107.0710997
    151.4214047,      0.0000000,     -0.0000066
    107.0710950,      0.0000000,   -107.0711091
     -0.0000132,      0.0000000,   -151.4214047
      0.0000000,      0.0000000,    154.7491639
    109.4241856,      0.0000000,    109.4241808
    154.7491639,      0.0000000,     -0.0000068
    109.4241760,      0.0000000,   -109.4241903
     -0.0000135,      0.0000000,   -154.7491639
      0.0000000,      0.0000000,    158.0769231
    111.7772667,      0.0000000,    111.7772618
    158.0769231,      0.0000000,     -0.0000069
    111.7772569,      0.0000000,   -111.7772716
     -0.0000138,      0.0000000,   -158.0769231
      0.0000000,      0.0000000,    161.4046823
    114.1303478,      0.0000000,    114.1303429
    161.4046823,      0.0000000,     -0.0000071
    114.1303379,      0.0000000,   -114.1303528
     -0.0000141,      0.0000000,   -161.4046823
      0.0000000,      0.0000000,    164.7324415
    116.4834290,      0.0000000,    116.4834239
    164.7324415,      0.0000000,     -0.0000072
    116.4834188,      0.0000000,   -116.4834341
     -0.0000144,      0.0000000,   -164.7324415
      0.0000000,      0.0000000,    168.0602007
    118.8365101,      0.0000000,    118.8365049
    168.0602007,      0.0000000,     -0.0000073
    118.8364997,      0.0000000,   -118.8365153
     -0.0000147,      0.0000000,   -168.0602007
      0.0000000,      0.0000000,    171.3879599
    121.1895913,      0.0000000,    121.1895860
    171.3879599,      0.0000000,     -0.0000075
    121.1895807,      0.0000000,   -121.1895966
     -0.0000150,      0.0000000,   -171.3879599
      0.0000000,      0.0000000,    174.7157191
    123.5426724,      0.0000000,    123.5426670
    174.7157191,      0.0000000,     -0.0000076
    123.5426616,      0.0000000,   -123.5426778
     -0.0000153,      0.0000000,   -174.7157191
      0.0000000,      0.0000000,    178.0434783
    125.8957536,      0.0000000,    125.8957481
    178.0434783,      0.0000000,     -0.0000078
    125.8957426,      0.0000000,   -125.8957591
     -0.0000156,      0.0000000,   -178.0434783
      0.0000000,      0.0000000,    181.3712375
    128.2488347,      0.0000000,    128.2488291
    181.3712375,      0.0000000,     -0.0000079
    128.2488235,      0.0000000,   -128.2488403
     -0.0000159,      0.0000000,   -181.3712375
      0.0000000,      0.0000000,    184.6989967
    130.6019159,      0.0000000,    130.6019102
    184.6989967,      0.0000000,     -0.0000081
    130.6019045,      0.0000000,   -130.6019216
     -0.0000161,      0.0000000,   -184.6989967
      0.0000000,      0.0000000,    188.0267559
    132.9549970,      0.0000000,    132.9549912
    188.0267559,      0.0000000,     -0.0000082
    132.9549854,      0.0000000,   -132.9550028
     -0.0000164,      0.0000000,   -188.0267559
      0.0000000,      0.0000000,    191.3545151
    135.3080782,      0.0000000,    135.3080722
    191.3545151,      0.0000000,     -0.0000084
    135.3080663,      0.0000000,   -135.3080841
     -0.0000167,      0.0000000,   -191.3545151
      0.0000000,      0.0000000,    194.6822742
    137.6611593,      0.0000000,    137.6611533
    194.6822742,      0.0000000,     -0.0000085
    137.6611473,      0.0000000,   -137.6611653
     -0.0000170,      0.0000000,   -194.6822742
      0.0000000,      0.0000000,    198.0100334
    140.0142405,      0.0000000,    140.0142343
    198.0100334,      0.0000000,     -0.0000087
    140.0142282,      0.0000000,   -140.0142466
     -0.0000173,      0.0000000,   -198.0100334
      0.0000000,      0.0000000,    201.3377926
    142.3673216,      0.0000000,    142.3673154
    201.3377926,      0.0000000,     -0.0000088
    142.3673092,      0.0000000,   -142.3673278
     -0.0000176,      0.0000000,   -201.3377926
      0.0000000,      0.0000000,    204.6655518
    144.7204027,      0.0000000,    144.7203964
    204.6655518,      0.0000000,     -0.0000089
    144.7203901,      0.0000000,   -144.7204091
     -0.0000179,      0.0000000,   -204.6655518
      0.0000000,      0.0000000,    207.9933110
    147.0734839,      0.0000000,    147.0734775
    207.9933110,      0.0000000,     -0.0000091
    147.0734710,      0.0000000,   -147.0734903
     -0.0000182,      0.0000000,   -207.9933110
      0.0000000,      0.0000000,    211.3210702
    149.4265650,      0.0000000,    149.4265585
    211.3210702,      0.0000000,     -0.0000092
    149.4265520,      0.0000000,   -149.4265716
     -0.0000185,      0.0000000,   -211.3210702
      0.0000000,      0.0000000,    214.6488294
    151.7796462,      0.0000000,    151.7796395
    214.6488294,      0.0000000,     -0.0000094
    151.7796329,      0.0000000,   -151.7796528
     -0.0000188,      0.0000000,   -214.6488294
      0.0000000,      0.0000000,    217.9765886
    154.1327273,      0.0000000,    154.1327206
    217.9765886,      0.0000000,     -0.0000095
    154.1327139,      0.0000000,   -154.1327341
     -0.0000191,      0.0000000,   -217.9765886
      0.0000000,      0.0000000,    221.3043478
    156.4858085,      0.0000000,    156.4858016
    221.3043478,      0.0000000,     -0.0000097
    156.4857948,      0.0000000,   -156.4858153
     -0.0000193,      0.0000000,   -221.3043478
      0.0000000,      0.0000000,    224.6321070
    158.8388896,      0.0000000,    158.8388827
    224.6321070,      0.0000000,     -0.0000098
    158.8388757,      0.0000000,   -158.8388966
     -0.0000196,      0.0000000,   -224.6321070
      0.0000000,      0.0000000,    227.9598662
    161.1919708,      0.0000000,    161.1919637
    227.9598662,      0.0000000,     -0.0000100
    161.1919567,      0.0000000,   -161.1919778
     -0.0000199,      0.0000000,   -227.9598662
      0.0000000,      0.0000000,    231.2876254
    163.5450519,      0.0000000,    163.5450448
    231.2876254,      0.0000000,     -0.0000101
    163.5450376,      0.0000000,   -163.5450591
     -0.0000202,      0.0000000,   -231.2876254
      0.0000000,      0.0000000,    234.6153846
    165.8981331,      0.0000000,    165.8981258
    234.6153846,      0.0000000,     -0.0000103
    165.8981186,      0.0000000,   -165.8981403
     -0.0000205,      0.0000000,   -234.6153846
      0.0000000,      0.0000000,    237.9431438
    168.2512142,      0.0000000,    168.2512068
    237.9431438,      0.0000000,     -0.0000104
    168.2511995,      0.0000000,   -168.2512216
     -0.0000208,      0.0000000,   -237.9431438
      0.0000000,      0.0000000,    241.2709030
    170.6042954,      0.0000000,    170.6042879
    241.2709030,      0.0000000,     -0.0000105
    170.6042804,      0.0000000,   -170.6043028
     -0.0000211,      0.0000000,   -241.2709030
      0.0000000,      0.0000000,    244.5986622
    172.9573765,      0.0000000,    172.9573689
    244.5986622,      0.0000000,     -0.0000107
    172.9573614,      0.0000000,   -172.9573841
     -0.0000214,      0.0000000,   -244.5986622
      0.0000000,      0.0000000,    247.9264214
    175.3104576,      0.0000000,    175.3104500
    247.9264214,      0.0000000,     -0.0000108
    175.3104423,      0.0000000,   -175.3104653
     -0.0000217,      0.0000000,   -247.9264214
      0.0000000,      0.0000000,    251.2541806
    177.6635388,      0.0000000,    177.6635310
    251.2541806,      0.0000000,     -0.0000110
    177.6635233,      0.0000000,   -177.6635466
     -0.0000220,      0.0000000,   -251.2541806
      0.0000000,      0.0000000,    254.5819398
    180.0166199,      0.0000000,    180.0166121
    254.5819398,      0.0000000,     -0.0000111
    180.0166042,      0.0000000,   -180.0166278
     -0.0000223,      0.0000000,   -254.5819398
      0.0000000,      0.0000000,    257.9096990
    182.3697011,      0.0000000,    182.3696931
    257.9096990,      0.0000000,     -0.0000113
    182.3696851,      0.0000000,   -182.3697091
     -0.0000225,      0.0000000,   -257.9096990
      0.0000000,      0.0000000,    261.2374582
    184.7227822,      0.0000000,    184.7227742
    261.2374582,      0.0000000,     -0.0000114
    184.7227661,      0.0000000,   -184.7227903
     -0.0000228,      0.0000000,   -261.2374582
      0.0000000,      0.0000000,    264.5652174
    187.0758634,      0.0000000,    187.0758552
    264.5652174,      0.0000000,     -0.0000116
    187.0758470,      0.0000000,   -187.0758715
     -0.0000231,      0.0000000,   -264.5652174
      0.0000000,      0.0000000,    267.8929766
    189.4289445,      0.0000000,    189.4289362
    267.8929766,      0.0000000,     -0.0000117
    189.4289280,      0.0000000,   -189.4289528
     -0.0000234,      0.0000000,   -267.8929766
      0.0000000,      0.0000000,    271.2207358
    191.7820257,      0.0000000,    191.7820173
    271.2207358,      0.0000000,     -0.0000119
    191.7820089,      0.0000000,   -191.7820340
     -0.0000237,      0.0000000,   -271.2207358
      0.0000000,      0.0000000,    274.5484950
    194.1351068,      0.0000000,    194.1350983
    274.5484950,      0.0000000,     -0.0000120
    194.1350898,      0.0000000,   -194.1351153
     -0.0000240,      0.0000000,   -274.5484950
      0.0000000,      0.0000000,    277.8762542
    196.4881880,      0.0000000,    196.4881794
    277.8762542,      0.0000000,     -0.0000121
    196.4881708,      0.0000000,   -196.4881965
     -0.0000243,      0.0000000,   -277.8762542
      0.0000000,      0.0000000,    281.2040134
    198.8412691,      0.0000000,    198.8412604
    281.2040134,      0.0000000,     -0.0000123
    198.8412517,      0.0000000,   -198.8412778
     -0.0000246,      0.0000000,   -281.2040134
      0.0000000,      0.0000000,    284.5317726
    201.1943502,      0.0000000,    201.1943415
    284.5317726,      0.0000000,     -0.0000124
    201.1943327,      0.0000000,   -201.1943590
     -0.0000249,      0.0000000,   -284.5317726
      0.0000000,      0.0000000,    287.8595318
    203.5474314,      0.0000000,    203.5474225
    287.8595318,      0.0000000,     -0.0000126
    203.5474136,      0.0000000,   -203.5474403
     -0.0000252,      0.0000000,   -287.8595318
      0.0000000,      0.0000000,    291.1872910
    205.9005125,      0.0000000,    205.9005035
    291.1872910,      0.0000000,     -0.0000127
    205.9004945,      0.0000000,   -205.9005215
     -0.0000255,      0.0000000,   -291.1872910
      0.0000000,      0.0000000,    294.5150502
    208.2535937,      0.0000000,    208.2535846
    294.5150502,      0.0000000,     -0.0000129
    208.2535755,      0.0000000,   -208.2536028
     -0.0000257,      0.0000000,   -294.5150502
      0.0000000,      0.0000000,    297.8428094
    210.6066748,      0.0000000,    210.6066656
    297.8428094,      0.0000000,     -0.0000130
    210.6066564,      0.0000000,   -210.6066840
     -0.0000260,      0.0000000,   -297.8428094
      0.0000000,      0.0000000,    301.1705686
    212.9597560,      0.0000000,    212.9597467
    301.1705686,      0.0000000,     -0.0000132
    212.9597374,      0.0000000,   -212.9597653
     -0.0000263,      0.0000000,   -301.1705686
      0.0000000,      0.0000000,    304.4983278
    215.3128371,      0.0000000,    215.3128277
    304.4983278,      0.0000000,     -0.0000133
    215.3128183,      0.0000000,   -215.3128465
     -0.0000266,      0.0000000,   -304.4983278
      0.0000000,      0.0000000,    307.8260870
    217.6659183,      0.0000000,    217.6659088
    307.8260870,      0.0000000,     -0.0000135
    217.6658992,      0.0000000,   -217.6659278
     -0.0000269,      0.0000000,   -307.8260870
      0.0000000,      0.0000000,    311.1538462
    220.0189994,      0.0000000,    220.0189898
    311.1538462,      0.0000000,     -0.0000136
    220.0189802,      0.0000000,   -220.0190090
     -0.0000272,      0.0000000,   -311.1538462
      0.0000000,      0.0000000,    314.4816054
    222.3720806,      0.0000000,    222.3720708
    314.4816054,      0.0000000,     -0.0000137
    222.3720611,      0.0000000,   -222.3720903
     -0.0000275,      0.0000000,   -314.4816054
      0.0000000,      0.0000000,    317.8093645
    224.7251617,      0.0000000,    224.7251519
    317.8093645,      0.0000000,     -0.0000139
    224.7251421,      0.0000000,   -224.7251715
     -0.0000278,      0.0000000,   -317.8093645
      0.0000000,      0.0000000,    321.1371237
    227.0782429,      0.0000000,    227.0782329
    321.1371237,      0.0000000,     -0.0000140
    227.0782230,      0.0000000,   -227.0782528
     -0.0000281,      0.0000000,   -321.1371237
      0.0000000,      0.0000000,    324.4648829
    229.4313240,      0.0000000,    229.4313140
    324.4648829,      0.0000000,     -0.0000142
    229.4313039,      0.0000000,   -229.4313340
     -0.0000284,      0.0000000,   -324.4648829
      0.0000000,      0.0000000,    327.7926421
    231.7844051,      0.0000000,    231.7843950
    327.7926421,      0.0000000,     -0.0000143
    231.7843849,      0.0000000,   -231.7844153
     -0.0000287,      0.0000000,   -327.7926421
      0.0000000,      0.0000000,    331.1204013
    234.1374863,      0.0000000,    234.1374761
    331.1204013,      0.0000000,     -0.0000145
    234.1374658,      0.0000000,   -234.1374965
     -0.0000289,      0.0000000,   -331.1204013
      0.0000000,      0.0000000,    334.4481605
    236.4905674,      0.0000000,    236.4905571
    334.4481605,      0.0000000,     -0.0000146
    236.4905468,      0.0000000,   -236.4905778
     -0.0000292,      0.0000000,   -334.4481605
      0.0000000,      0.0000000,    337.7759197
    238.8436486,      0.0000000,    238.8436381
    337.7759197,      0.0000000,     -0.0000148
    238.8436277,      0.0000000,   -238.8436590
     -0.0000295,      0.0000000,   -337.7759197
      0.0000000,      0.0000000,    341.1036789
    241.1967297,      0.0000000,    241.1967192
    341.1036789,      0.0000000,     -0.0000149
    241.1967086,      0.0000000,   -241.1967403
     -0.0000298,      0.0000000,   -341.1036789
      0.0000000,      0.0000000,    344.4314381
    243.5498109,      0.0000000,    243.5498002
    344.4314381,      0.0000000,     -0.0000151
    243.5497896,      0.0000000,   -243.5498215
     -0.0000301,      0.0000000,   -344.4314381
      0.0000000,      0.0000000,    347.7591973
    245.9028920,      0.0000000,    245.9028813
    347.7591973,      0.0000000,     -0.0000152
    245.9028705,      0.0000000,   -245.9029028
     -0.0000304,      0.0000000,   -347.7591973
      0.0000000,      0.0000000,    351.0869565
    248.2559732,      0.0000000,    248.2559623
    351.0869565,      0.0000000,     -0.0000153
    248.2559515,      0.0000000,   -248.2559840
     -0.0000307,      0.0000000,   -351.0869565
      0.0000000,      0.0000000,    354.4147157
    250.6090543,      0.0000000,    250.6090434
    354.4147157,      0.0000000,     -0.0000155
    250.6090324,      0.0000000,   -250.6090653
     -0.0000310,      0.0000000,   -354.4147157
      0.0000000,      0.0000000,    357.7424749
    252.9621355,      0.0000000,    252.9621244
    357.7424749,      0.0000000,     -0.0000156
    252.9621133,      0.0000000,   -252.9621465
     -0.0000313,      0.0000000,   -357.7424749
      0.0000000,      0.0000000,    361.0702341
    255.3152166,      0.0000000,    255.3152054
    361.0702341,      0.0000000,     -0.0000158
    255.3151943,      0.0000000,   -255.3152278
     -0.0000316,      0.0000000,   -361.0702341
      0.0000000,      0.0000000,    364.3979933
    257.6682978,      0.0000000,    257.6682865
    364.3979933,      0.0000000,     -0.0000159
    257.6682752,      0.0000000,   -257.6683090
     -0.0000319,      0.0000000,   -364.3979933
      0.0000000,      0.0000000,    367.7257525
    260.0213789,      0.0000000,    260.0213675
    367.7257525,      0.0000000,     -0.0000161
    260.0213562,      0.0000000,   -260.0213903
     -0.0000321,      0.0000000,   -367.7257525
      0.0000000,      0.0000000,    371.0535117
    262.3744600,      0.0000000,    262.3744486
    371.0535117,      0.0000000,     -0.0000162
    262.3744371,      0.0000000,   -262.3744715
     -0.0000324,      0.0000000,   -371.0535117
      0.0000000,      0.0000000,    374.3812709
    264.7275412,      0.0000000,    264.7275296
    374.3812709,      0.0000000,     -0.0000164
    264.7275180,      0.0000000,   -264.7275528
     -0.0000327,      0.0000000,   -374.3812709
      0.0000000,      0.0000000,    377.7090301
    267.0806223,      0.0000000,    267.0806107
    377.7090301,      0.0000000,     -0.0000165
    267.0805990,      0.0000000,   -267.0806340
     -0.0000330,      0.0000000,   -377.7090301
      0.0000000,      0.0000000,    381.0367893
    269.4337035,      0.0000000,    269.4336917
    381.0367893,      0.0000000,     -0.0000167
    269.4336799,      0.0000000,   -269.4337153
     -0.0000333,      0.0000000,   -381.0367893
      0.0000000,      0.0000000,    384.3645485
    271.7867846,      0.0000000,    271.7867727
    384.3645485,      0.0000000,     -0.0000168
    271.7867609,      0.0000000,   -271.7867965
     -0.0000336,      0.0000000,   -384.3645485
      0.0000000,      0.0000000,    387.6923077
    274.1398658,      0.0000000,    274.1398538
    387.6923077,      0.0000000,     -0.0000169
    274.1398418,      0.0000000,   -274.1398778
     -0.0000339,      0.0000000,   -387.6923077
      0.0000000,      0.0000000,    391.0200669
    276.4929469,      0.0000000,    276.4929348
    391.0200669,      0.0000000,     -0.0000171
    276.4929227,      0.0000000,   -276.4929590
     -0.0000342,      0.0000000,   -391.0200669
      0.0000000,      0.0000000,    394.3478261
    278.8460281,      0.0000000,    278.8460159
    394.3478261,      0.0000000,     -0.0000172
    278.8460037,      0.0000000,   -278.8460403
     -0.0000345,      0.0000000,   -394.3478261
      0.0000000,      0.0000000,    397.6755853
    281.1991092,      0.0000000,    281.1990969
    397.6755853,      0.0000000,     -0.0000174
    281.1990846,      0.0000000,   -281.1991215
     -0.0000348,      0.0000000,   -397.6755853
      0.0000000,      0.0000000,    401.0033445
    283.5521904,      0.0000000,    283.5521780
    401.0033445,      0.0000000,     -0.0000175
    283.5521656,      0.0000000,   -283.5522028
     -0.0000351,      0.0000000,   -401.0033445
      0.0000000,      0.0000000,    404.3311037
    285.9052715,      0.0000000,    285.9052590
    404.3311037,      0.0000000,     -0.0000177
    285.9052465,      0.0000000,   -285.9052840
     -0.0000353,      0.0000000,   -404.3311037
      0.0000000,      0.0000000,    407.6588629
    288.2583527,      0.0000000,    288.2583401
    407.6588629,      0.0000000,     -0.0000178
    288.2583275,      0.0000000,   -288.2583653
     -0.0000356,      0.0000000,   -407.6588629
      0.0000000,      0.0000000,    410.9866221
    290.6114338,      0.0000000,    290.6114211
    410.9866221,      0.0000000,     -0.0000180
    290.6114084,      0.0000000,   -290.6114465
     -0.0000359,      0.0000000,   -410.9866221
      0.0000000,      0.0000000,    414.3143813
    292.9645149,      0.0000000,    292.9645021
    414.3143813,      0.0000000,     -0.0000181
    292.9644893,      0.0000000,   -292.9645277
     -0.0000362,      0.0000000,   -414.3143813
      0.0000000,      0.0000000,    417.6421405
    295.3175961,      0.0000000,    295.3175832
    417.6421405,      0.0000000,     -0.0000183
    295.3175703,      0.0000000,   -295.3176090
     -0.0000365,      0.0000000,   -417.6421405
      0.0000000,      0.0000000,    420.9698997
    297.6706772,      0.0000000,    297.6706642
    420.9698997,      0.0000000,     -0.0000184
    297.6706512,      0.0000000,   -297.6706902
     -0.0000368,      0.0000000,   -420.9698997
      0.0000000,      0.0000000,    424.2976589
    300.0237584,      0.0000000,    300.0237453
    424.2976589,      0.0000000,     -0.0000185
    300.0237322,      0.0000000,   -300.0237715
     -0.0000371,      0.0000000,   -424.2976589
      0.0000000,      0.0000000,    427.6254181
    302.3768395,      0.0000000,    302.3768263
    427.6254181,      0.0000000,     -0.0000187
    302.3768131,      0.0000000,   -302.3768527
     -0.0000374,      0.0000000,   -427.6254181
      0.0000000,      0.0000000,    430.9531773
    304.7299207,      0.0000000,    304.7299074
    430.9531773,      0.0000000,     -0.0000188
    304.7298940,      0.0000000,   -304.7299340
     -0.0000377,      0.0000000,   -430.9531773
      0.0000000,      0.0000000,    434.2809365
    307.0830018,      0.0000000,    307.0829884
    434.2809365,      0.0000000,     -0.0000190
    307.0829750,      0.0000000,   -307.0830152
     -0.0000380,      0.0000000,   -434.2809365
      0.0000000,      0.0000000,    437.6086957
    309.4360830,      0.0000000,    309.4360694
    437.6086957,      0.0000000,     -0.0000191
    309.4360559,      0.0000000,   -309.4360965
     -0.0000383,      0.0000000,   -437.6086957
      0.0000000,      0.0000000,    440.9364548
    311.7891641,      0.0000000,    311.7891505
    440.9364548,      0.0000000,     -0.0000193
    311.7891369,      0.0000000,   -311.7891777
     -0.0000385,      0.0000000,   -440.9364548
      0.0000000,      0.0000000,    444.2642140
    314.1422453,      0.0000000,    314.1422315
    444.2642140,      0.0000000,     -0.0000194
    314.1422178,      0.0000000,   -314.1422590
     -0.0000388,      0.0000000,   -444.2642140
      0.0000000,      0.0000000,    447.5919732
    316.4953264,      0.0000000,    316.4953126
    447.5919732,      0.0000000,     -0.0000196
    316.4952987,      0.0000000,   -316.4953402
     -0.0000391,      0.0000000,   -447.5919732
      0.0000000,      0.0000000,    450.9197324
    318.8484075,      0.0000000,    318.8483936
    450.9197324,      0.0000000,     -0.0000197
    318.8483797,      0.0000000,   -318.8484215
     -0.0000394,      0.0000000,   -450.9197324
      0.0000000,      0.0000000,    454.2474916
    321.2014887,      0.0000000,    321.2014747
    454.2474916,      0.0000000,     -0.0000199
    321.2014606,      0.0000000,   -321.2015027
     -0.0000397,      0.0000000,   -454.2474916
      0.0000000,      0.0000000,    457.5752508
    323.5545698,      0.0000000,    323.5545557
    457.5752508,      0.0000000,     -0.0000200
    323.5545416,      0.0000000,   -323.5545840
     -0.0000400,      0.0000000,   -457.5752508
      0.0000000,      0.0000000,    460.9030100
    325.9076510,      0.0000000,    325.9076367
    460.9030100,      0.0000000,     -0.0000201
    325.9076225,      0.0000000,   -325.9076652
     -0.0000403,      0.0000000,   -460.9030100
      0.0000000,      0.0000000,    464.2307692
    328.2607321,      0.0000000,    328.2607178
    464.2307692,      0.0000000,     -0.0000203
    328.2607034,      0.0000000,   -328.2607465
     -0.0000406,      0.0000000,   -464.2307692
      0.0000000,      0.0000000,    467.5585284
    330.6138133,      0.0000000,    330.6137988
    467.5585284,      0.0000000,     -0.0000204
    330.6137844,      0.0000000,   -330.6138277
     -0.0000409,      0.0000000,   -467.5585284
      0.0000000,      0.0000000,    470.8862876
    332.9668944,      0.0000000,    332.9668799
    470.8862876,      0.0000000,     -0.0000206
    332.9668653,      0.0000000,   -332.9669090
     -0.0000412,      0.0000000,   -470.8862876
      0.0000000,      0.0000000,    474.2140468
    335.3199756,      0.0000000,    335.3199609
    474.2140468,      0.0000000,     -0.0000207
    335.3199463,      0.0000000,   -335.3199902
     -0.0000415,      0.0000000,   -474.2140468
      0.0000000,      0.0000000,    477.5418060
    337.6730567,      0.0000000,    337.6730420
    477.5418060,      0.0000000,     -0.0000209
    337.6730272,      0.0000000,   -337.6730715
     -0.0000417,      0.0000000,   -477.5418060
      0.0000000,      0.0000000,    480.8695652
    340.0261379,      0.0000000,    340.0261230
    480.8695652,      0.0000000,     -0.0000210
    340.0261081,      0.0000000,   -340.0261527
     -0.0000420,      0.0000000,   -480.8695652
      0.0000000,      0.0000000,    484.1973244
    342.3792190,      0.0000000,    342.3792040
    484.1973244,      0.0000000,     -0.0000212
    342.3791891,      0.0000000,   -342.3792340
     -0.0000423,      0.0000000,   -484.1973244
      0.0000000,      0.0000000,    487.5250836
    344.7323002,      0.0000000,    344.7322851
    487.5250836,      0.0000000,     -0.0000213
    344.7322700,      0.0000000,   -344.7323152
     -0.0000426,      0.0000000,   -487.5250836
      0.0000000,      0.0000000,    490.8528428
    347.0853813,      0.0000000,    347.0853661
    490.8528428,      0.0000000,     -0.0000215
    347.0853510,      0.0000000,   -347.0853965
     -0.0000429,      0.0000000,   -490.8528428
      0.0000000,      0.0000000,    494.1806020
    349.4384624,      0.0000000,    349.4384472
    494.1806020,      0.0000000,     -0.0000216
    349.4384319,      0.0000000,   -349.4384777
     -0.0000432,      0.0000000,   -494.1806020
      0.0000000,      0.0000000,    497.5083612
    351.7915436,      0.0000000,    351.7915282
    497.5083612,      0.0000000,     -0.0000217
    351.7915128,      0.0000000,   -351.7915590
     -0.0000435,      0.0000000,   -497.5083612
      0.0000000,      0.0000000,    500.8361204
    354.1446247,      0.0000000,    354.1446093
    500.8361204,      0.0000000,     -0.0000219
    354.1445938,      0.0000000,   -354.1446402
     -0.0000438,      0.0000000,   -500.8361204
      0.0000000,      0.0000000,    504.1638796
    356.4977059,      0.0000000,    356.4976903
    504.1638796,      0.0000000,     -0.0000220
    356.4976747,      0.0000000,   -356.4977215
     -0.0000441,      0.0000000,   -504.1638796
      0.0000000,      0.0000000,    507.4916388
    358.8507870,      0.0000000,    358.8507713
    507.4916388,      0.0000000,     -0.0000222
    358.8507557,      0.0000000,   -358.8508027
     -0.0000444,      0.0000000,   -507.4916388
      0.0000000,      0.0000000,    510.8193980
    361.2038682,      0.0000000,    361.2038524
    510.8193980,      0.0000000,     -0.0000223
    361.2038366,      0.0000000,   -361.2038840
     -0.0000447,      0.0000000,   -510.8193980
      0.0000000,      0.0000000,    514.1471572
    363.5569493,      0.0000000,    363.5569334
    514.1471572,      0.0000000,     -0.0000225
    363.5569175,      0.0000000,   -363.5569652
     -0.0000449,      0.0000000,   -514.1471572
      0.0000000,      0.0000000,    517.4749164
    365.9100305,      0.0000000,    365.9100145
    517.4749164,      0.0000000,     -0.0000226
    365.9099985,      0.0000000,   -365.9100465
     -0.0000452,      0.0000000,   -517.4749164
      0.0000000,      0.0000000,    520.8026756
    368.2631116,      0.0000000,    368.2630955
    520.8026756,      0.0000000,     -0.0000228
    368.2630794,      0.0000000,   -368.2631277
     -0.0000455,      0.0000000,   -520.8026756
      0.0000000,      0.0000000,    524.1304348
    370.6161928,      0.0000000,    370.6161766
    524.1304348,      0.0000000,     -0.0000229
    370.6161604,      0.0000000,   -370.6162090
     -0.0000458,      0.0000000,   -524.1304348
      0.0000000,      0.0000000,    527.4581940
    372.9692739,      0.0000000,    372.9692576
    527.4581940,      0.0000000,     -0.0000231
    372.9692413,      0.0000000,   -372.9692902
     -0.0000461,      0.0000000,   -527.4581940
      0.0000000,      0.0000000,    530.7859532
    375.3223551,      0.0000000,    375.3223386
    530.7859532,      0.0000000,     -0.0000232
    375.3223222,      0.0000000,   -375.3223715
     -0.0000464,      0.0000000,   -530.7859532
      0.0000000,      0.0000000,    534.1137124
    377.6754362,      0.0000000,    377.6754197
    534.1137124,      0.0000000,     -0.0000233
    377.6754032,      0.0000000,   -377.6754527
     -0.0000467,      0.0000000,   -534.1137124
      0.0000000,      0.0000000,    537.4414716
    380.0285173,      0.0000000,    380.0285007
    537.4414716,      0.0000000,     -0.0000235
    380.0284841,      0.0000000,   -380.0285340
     -0.0000470,      0.0000000,   -537.4414716
      0.0000000,      0.0000000,    540.7692308
    382.3815985,      0.0000000,    382.3815818
    540.7692308,      0.0000000,     -0.0000236
    382.3815651,      0.0000000,   -382.3816152
     -0.0000473,      0.0000000,   -540.7692308
      0.0000000,      0.0000000,    544.0969900
    384.7346796,      0.0000000,    384.7346628
    544.0969900,      0.0000000,     -0.0000238
    384.7346460,      0.0000000,   -384.7346965
     -0.0000476,      0.0000000,   -544.0969900
      0.0000000,      0.0000000,    547.4247492
    387.0877608,      0.0000000,    387.0877439
    547.4247492,      0.0000000,     -0.0000239
    387.0877269,      0.0000000,   -387.0877777
     -0.0000479,      0.0000000,   -547.4247492
      0.0000000,      0.0000000,    550.7525084
    389.4408419,      0.0000000,    389.4408249
    550.7525084,      0.0000000,     -0.0000241
    389.4408079,      0.0000000,   -389.4408590
     -0.0000481,      0.0000000,   -550.7525084
      0.0000000,      0.0000000,    554.0802676
    391.7939231,      0.0000000,    391.7939059
    554.0802676,      0.0000000,     -0.0000242
    391.7938888,      0.0000000,   -391.7939402
     -0.0000484,      0.0000000,   -554.0802676
      0.0000000,      0.0000000,    557.4080268
    394.1470042,      0.0000000,    394.1469870
    557.4080268,      0.0000000,     -0.0000244
    394.1469698,      0.0000000,   -394.1470214
     -0.0000487,      0.0000000,   -557.4080268
      0.0000000,      0.0000000,    560.7357860
    396.5000854,      0.0000000,    396.5000680
    560.7357860,      0.0000000,     -0.0000245
    396.5000507,      0.0000000,   -396.5001027
     -0.0000490,      0.0000000,   -560.7357860
      0.0000000,      0.0000000,    564.0635452
    398.8531665,      0.0000000,    398.8531491
    564.0635452,      0.0000000,     -0.0000247
    398.8531316,      0.0000000,   -398.8531839
     -0.0000493,      0.0000000,   -564.0635452
      0.0000000,      0.0000000,    567.3913043
    401.2062477,      0.0000000,    401.2062301
    567.3913043,      0.0000000,     -0.0000248
    401.2062126,      0.0000000,   -401.2062652
     -0.0000496,      0.0000000,   -567.3913043
      0.0000000,      0.0000000,    570.7190635
    403.5593288,      0.0000000,    403.5593112
    570.7190635,      0.0000000,     -0.0000249
    403.5592935,      0.0000000,   -403.5593464
     -0.0000499,      0.0000000,   -570.7190635
      0.0000000,      0.0000000,    574.0468227
    405.9124100,      0.0000000,    405.9123922
    574.0468227,      0.0000000,     -0.0000251
    405.9123745,      0.0000000,   -405.9124277
     -0.0000502,      0.0000000,   -574.0468227
      0.0000000,      0.0000000,    577.3745819
    408.2654911,      0.0000000,    408.2654733
    577.3745819,      0.0000000,     -0.0000252
    408.2654554,      0.0000000,   -408.2655089
     -0.0000505,      0.0000000,   -577.3745819
      0.0000000,      0.0000000,    580.7023411
    410.6185722,      0.0000000,    410.6185543
    580.7023411,      0.0000000,     -0.0000254
    410.6185363,      0.0000000,   -410.6185902
     -0.0000508,      0.0000000,   -580.7023411
      0.0000000,      0.0000000,    584.0301003
    412.9716534,      0.0000000,    412.9716353
    584.0301003,      0.0000000,     -0.0000255
    412.9716173,      0.0000000,   -412.9716714
     -0.0000511,      0.0000000,   -584.0301003
      0.0000000,      0.0000000,    587.3578595
    415.3247345,      0.0000000,    415.3247164
    587.3578595,      0.0000000,     -0.0000257
    415.3246982,      0.0000000,   -415.3247527
     -0.0000513,      0.0000000,   -587.3578595
      0.0000000,      0.0000000,    590.6856187
    417.6778157,      0.0000000,    417.6777974
    590.6856187,      0.0000000,     -0.0000258
    417.6777792,      0.0000000,   -417.6778339
     -0.0000516,      0.0000000,   -590.6856187
      0.0000000,      0.0000000,    594.0133779
    420.0308968,      0.0000000,    420.0308785
    594.0133779,      0.0000000,     -0.0000260
    420.0308601,      0.0000000,   -420.0309152
     -0.0000519,      0.0000000,   -594.0133779
      0.0000000,      0.0000000,    597.3411371
    422.3839780,      0.0000000,    422.3839595
    597.3411371,      0.0000000,     -0.0000261
    422.3839410,      0.0000000,   -422.3839964
     -0.0000522,      0.0000000,   -597.3411371
      0.0000000,      0.0000000,    600.6688963
    424.7370591,      0.0000000,    424.7370406
    600.6688963,      0.0000000,     -0.0000263
    424.7370220,      0.0000000,   -424.7370777
     -0.0000525,      0.0000000,   -600.6688963
      0.0000000,      0.0000000,    603.9966555
    427.0901403,      0.0000000,    427.0901216
    603.9966555,      0.0000000,     -0.0000264
    427.0901029,      0.0000000,   -427.0901589
     -0.0000528,      0.0000000,   -603.9966555
      0.0000000,      0.0000000,    607.3244147
    429.4432214,      0.0000000,    429.4432026
    607.3244147,      0.0000000,     -0.0000265
    429.4431839,      0.0000000,   -429.4432402
     -0.0000531,      0.0000000,   -607.3244147
      0.0000000,      0.0000000,    610.6521739
    431.7963026,      0.0000000,    431.7962837
    610.6521739,      0.0000000,     -0.0000267
    431.7962648,      0.0000000,   -431.7963214
     -0.0000534,      0.0000000,   -610.6521739
      0.0000000,      0.0000000,    613.9799331
    434.1493837,      0.0000000,    434.1493647
    613.9799331,      0.0000000,     -0.0000268
    434.1493457,      0.0000000,   -434.1494027
     -0.0000537,      0.0000000,   -613.9799331
      0.0000000,      0.0000000,    617.3076923
    436.5024648,      0.0000000,    436.5024458
    617.3076923,      0.0000000,     -0.0000270
    436.5024267,      0.0000000,   -436.5024839
     -0.0000540,      0.0000000,   -617.3076923
      0.0000000,      0.0000000,    620.6354515
    438.8555460,      0.0000000,    438.8555268
    620.6354515,      0.0000000,     -0.0000271
    438.8555076,      0.0000000,   -438.8555652
     -0.0000543,      0.0000000,   -620.6354515
      0.0000000,      0.0000000,    623.9632107
    441.2086271,      0.0000000,    441.2086079
    623.9632107,      0.0000000,     -0.0000273
    441.2085886,      0.0000000,   -441.2086464
     -0.0000545,      0.0000000,   -623.9632107
      0.0000000,      0.0000000,    627.2909699
    443.5617083,      0.0000000,    443.5616889
    627.2909699,      0.0000000,     -0.0000274
    443.5616695,      0.0000000,   -443.5617277
     -0.0000548,      0.0000000,   -627.2909699
      0.0000000,      0.0000000,    630.6187291
    445.9147894,      0.0000000,    445.9147699
    630.6187291,      0.0000000,     -0.0000276
    445.9147505,      0.0000000,   -445.9148089
     -0.0000551,      0.0000000,   -630.6187291
      0.0000000,      0.0000000,    633.9464883
    448.2678706,      0.0000000,    448.2678510
    633.9464883,      0.0000000,     -0.0000277
    448.2678314,      0.0000000,   -448.2678902
     -0.0000554,      0.0000000,   -633.9464883
      0.0000000,      0.0000000,    637.2742475
    450.6209517,      0.0000000,    450.6209320
    637.2742475,      0.0000000,     -0.0000279
    450.6209123,      0.0000000,   -450.6209714
     -0.0000557,      0.0000000,   -637.2742475
      0.0000000,      0.0000000,    640.6020067
    452.9740329,      0.0000000,    452.9740131
    640.6020067,      0.0000000,     -0.0000280
    452.9739933,      0.0000000,   -452.9740527
     -0.0000560,      0.0000000,   -640.6020067
      0.0000000,      0.0000000,    643.9297659
    455.3271140,      0.0000000,    455.3270941
    643.9297659,      0.0000000,     -0.0000281
    455.3270742,      0.0000000,   -455.3271339
     -0.0000563,      0.0000000,   -643.9297659
      0.0000000,      0.0000000,    647.2575251
    457.6801952,      0.0000000,    457.6801752
    647.2575251,      0.0000000,     -0.0000283
    457.6801552,      0.0000000,   -457.6802152
     -0.0000566,      0.0000000,   -647.2575251
      0.0000000,      0.0000000,    650.5852843
    460.0332763,      0.0000000,    460.0332562
    650.5852843,      0.0000000,     -0.0000284
    460.0332361,      0.0000000,   -460.0332964
     -0.0000569,      0.0000000,   -650.5852843
      0.0000000,      0.0000000,    653.9130435
    462.3863575,      0.0000000,    462.3863372
    653.9130435,      0.0000000,     -0.0000286
    462.3863170,      0.0000000,   -462.3863777
     -0.0000572,      0.0000000,   -653.9130435
      0.0000000,      0.0000000,    657.2408027
    464.7394386,      0.0000000,    464.7394183
    657.2408027,      0.0000000,     -0.0000287
    464.7393980,      0.0000000,   -464.7394589
     -0.0000575,      0.0000000,   -657.2408027
      0.0000000,      0.0000000,    660.5685619
    467.0925197,      0.0000000,    467.0924993
    660.5685619,      0.0000000,     -0.0000289
    467.0924789,      0.0000000,   -467.0925402
     -0.0000577,      0.0000000,   -660.5685619
      0.0000000,      0.0000000,    663.8963211
    469.4456009,      0.0000000,    469.4455804
    663.8963211,      0.0000000,     -0.0000290
    469.4455599,      0.0000000,   -469.4456214
     -0.0000580,      0.0000000,   -663.8963211
      0.0000000,      0.0000000,    667.2240803
    471.7986820,      0.0000000,    471.7986614
    667.2240803,      0.0000000,     -0.0000292
    471.7986408,      0.0000000,   -471.7987027
     -0.0000583,      0.0000000,   -667.2240803
      0.0000000,      0.0000000,    670.5518395
    474.1517632,      0.0000000,    474.1517425
    670.5518395,      0.0000000,     -0.0000293
    474.1517217,      0.0000000,   -474.1517839
     -0.0000586,      0.0000000,   -670.5518395
      0.0000000,      0.0000000,    673.8795987
    476.5048443,      0.0000000,    476.5048235
    673.8795987,      0.0000000,     -0.0000295
    476.5048027,      0.0000000,   -476.5048652
     -0.0000589,      0.0000000,   -673.8795987
      0.0000000,      0.0000000,    677.2073579
    478.8579255,      0.0000000,    478.8579045
    677.2073579,      0.0000000,     -0.0000296
    478.8578836,      0.0000000,   -478.8579464
     -0.0000592,      0.0000000,   -677.2073579
      0.0000000,      0.0000000,    680.5351171
    481.2110066,      0.0000000,    481.2109856
    680.5351171,      0.0000000,     -0.0000297
    481.2109646,      0.0000000,   -481.2110277
     -0.0000595,      0.0000000,   -680.5351171
      0.0000000,      0.0000000,    683.8628763
    483.5640878,      0.0000000,    483.5640666
    683.8628763,      0.0000000,     -0.0000299
    483.5640455,      0.0000000,   -483.5641089
     -0.0000598,      0.0000000,   -683.8628763
      0.0000000,      0.0000000,    687.1906355
    485.9171689,      0.0000000,    485.9171477
    687.1906355,      0.0000000,     -0.0000300
    485.9171264,      0.0000000,   -485.9171902
     -0.0000601,      0.0000000,   -687.1906355
      0.0000000,      0.0000000,    690.5183946
    488.2702501,      0.0000000,    488.2702287
    690.5183946,      0.0000000,     -0.0000302
    488.2702074,      0.0000000,   -488.2702714
     -0.0000604,      0.0000000,   -690.5183946
      0.0000000,      0.0000000,    693.8461538
    490.6233312,      0.0000000,    490.6233098
    693.8461538,      0.0000000,     -0.0000303
    490.6232883,      0.0000000,   -490.6233527
     -0.0000607,      0.0000000,   -693.8461538
      0.0000000,      0.0000000,    697.1739130
    492.9764124,      0.0000000,    492.9763908
    697.1739130,      0.0000000,     -0.0000305
    492.9763693,      0.0000000,   -492.9764339
     -0.0000609,      0.0000000,   -697.1739130
      0.0000000,      0.0000000,    700.5016722
    495.3294935,      0.0000000,    495.3294718
    700.5016722,      0.0000000,     -0.0000306
    495.3294502,      0.0000000,   -495.3295152
     -0.0000612,      0.0000000,   -700.5016722
      0.0000000,      0.0000000,    703.8294314
    497.6825746,      0.0000000,    497.6825529
    703.8294314,      0.0000000,     -0.0000308
    497.6825311,      0.0000000,   -497.6825964
     -0.0000615,      0.0000000,   -703.8294314
      0.0000000,      0.0000000,    707.1571906
    500.0356558,      0.0000000,    500.0356339
    707.1571906,      0.0000000,     -0.0000309
    500.0356121,      0.0000000,   -500.0356776
     -0.0000618,      0.0000000,   -707.1571906
      0.0000000,      0.0000000,    710.4849498
    502.3887369,      0.0000000,    502.3887150
    710.4849498,      0.0000000,     -0.0000311
    502.3886930,      0.0000000,   -502.3887589
     -0.0000621,      0.0000000,   -710.4849498
      0.0000000,      0.0000000,    713.8127090
    504.7418181,      0.0000000,    504.7417960
    713.8127090,      0.0000000,     -0.0000312
    504.7417740,      0.0000000,   -504.7418401
     -0.0000624,      0.0000000,   -713.8127090
      0.0000000,      0.0000000,    717.1404682
    507.0948992,      0.0000000,    507.0948771
    717.1404682,      0.0000000,     -0.0000313
    507.0948549,      0.0000000,   -507.0949214
     -0.0000627,      0.0000000,   -717.1404682
      0.0000000,      0.0000000,    720.4682274
    509.4479804,      0.0000000,    509.4479581
    720.4682274,      0.0000000,     -0.0000315
    509.4479358,      0.0000000,   -509.4480026
     -0.0000630,      0.0000000,   -720.4682274
      0.0000000,      0.0000000,    723.7959866
    511.8010615,      0.0000000,    511.8010392
    723.7959866,      0.0000000,     -0.0000316
    511.8010168,      0.0000000,   -511.8010839
     -0.0000633,      0.0000000,   -723.7959866
      0.0000000,      0.0000000,    727.1237458
    514.1541427,      0.0000000,    514.1541202
    727.1237458,      0.0000000,     -0.0000318
    514.1540977,      0.0000000,   -514.1541651
     -0.0000636,      0.0000000,   -727.1237458
      0.0000000,      0.0000000,    730.4515050
    516.5072238,      0.0000000,    516.5072012
    730.4515050,      0.0000000,     -0.0000319
    516.5071787,      0.0000000,   -516.5072464
     -0.0000639,      0.0000000,   -730.4515050
      0.0000000,      0.0000000,    733.7792642
    518.8603050,      0.0000000,    518.8602823
    733.7792642,      0.0000000,     -0.0000321
    518.8602596,      0.0000000,   -518.8603276
     -0.0000641,      0.0000000,   -733.7792642
      0.0000000,      0.0000000,    737.1070234
    521.2133861,      0.0000000,    521.2133633
    737.1070234,      0.0000000,     -0.0000322
    521.2133405,      0.0000000,   -521.2134089
     -0.0000644,      0.0000000,   -737.1070234
      0.0000000,      0.0000000,    740.4347826
    523.5664673,      0.0000000,    523.5664444
    740.4347826,      0.0000000,     -0.0000324
    523.5664215,      0.0000000,   -523.5664901
     -0.0000647,      0.0000000,   -740.4347826
      0.0000000,      0.0000000,    743.7625418
    525.9195484,      0.0000000,    525.9195254
    743.7625418,      0.0000000,     -0.0000325
    525.9195024,      0.0000000,   -525.9195714
     -0.0000650,      0.0000000,   -743.7625418
      0.0000000,      0.0000000,    747.0903010
    528.2726295,      0.0000000,    528.2726065
    747.0903010,      0.0000000,     -0.0000327
    528.2725834,      0.0000000,   -528.2726526
     -0.0000653,      0.0000000,   -747.0903010
      0.0000000,      0.0000000,    750.4180602
    530.6257107,      0.0000000,    530.6256875
    750.4180602,      0.0000000,     -0.0000328
    530.6256643,      0.0000000,   -530.6257339
     -0.0000656,      0.0000000,   -750.4180602
      0.0000000,      0.0000000,    753.7458194
    532.9787918,      0.0000000,    532.9787685
    753.7458194,      0.0000000,     -0.0000329
    532.9787452,      0.0000000,   -532.9788151
     -0.0000659,      0.0000000,   -753.7458194
      0.0000000,      0.0000000,    757.0735786
    535.3318730,      0.0000000,    535.3318496
    757.0735786,      0.0000000,     -0.0000331
    535.3318262,      0.0000000,   -535.3318964
     -0.0000662,      0.0000000,   -757.0735786
      0.0000000,      0.0000000,    760.4013378
    537.6849541,      0.0000000,    537.6849306
    760.4013378,      0.0000000,     -0.0000332
    537.6849071,      0.0000000,   -537.6849776
     -0.0000665,      0.0000000,   -760.4013378
      0.0000000,      0.0000000,    763.7290970
    540.0380353,      0.0000000,    540.0380117
    763.7290970,      0.0000000,     -0.0000334
    540.0379881,      0.0000000,   -540.0380589
     -0.0000668,      0.0000000,   -763.7290970
      0.0000000,      0.0000000,    767.0568562
    542.3911164,      0.0000000,    542.3910927
    767.0568562,      0.0000000,     -0.0000335
    542.3910690,      0.0000000,   -542.3911401
     -0.0000671,      0.0000000,   -767.0568562
      0.0000000,      0.0000000,    770.3846154
    544.7441976,      0.0000000,    544.7441738
    770.3846154,      0.0000000,     -0.0000337
    544.7441499,      0.0000000,   -544.7442214
     -0.0000673,      0.0000000,   -770.3846154
      0.0000000,      0.0000000,    773.7123746
    547.0972787,      0.0000000,    547.0972548
    773.7123746,      0.0000000,     -0.0000338
    547.0972309,      0.0000000,   -547.0973026
     -0.0000676,      0.0000000,   -773.7123746
      0.0000000,      0.0000000,    777.0401338
    549.4503599,      0.0000000,    549.4503358
    777.0401338,      0.0000000,     -0.0000340
    549.4503118,      0.0000000,   -549.4503839
     -0.0000679,      0.0000000,   -777.0401338
      0.0000000,      0.0000000,    780.3678930
    551.8034410,      0.0000000,    551.8034169
    780.3678930,      0.0000000,     -0.0000341
    551.8033928,      0.0000000,   -551.8034651
     -0.0000682,      0.0000000,   -780.3678930
      0.0000000,      0.0000000,    783.6956522
    554.1565222,      0.0000000,    554.1564979
    783.6956522,      0.0000000,     -0.0000343
    554.1564737,      0.0000000,   -554.1565464
     -0.0000685,      0.0000000,   -783.6956522
      0.0000000,      0.0000000,    787.0234114
    556.5096033,      0.0000000,    556.5095790
    787.0234114,      0.0000000,     -0.0000344
    556.5095546,      0.0000000,   -556.5096276
     -0.0000688,      0.0000000,   -787.0234114
      0.0000000,      0.0000000,    790.3511706
    558.8626844,      0.0000000,    558.8626600
    790.3511706,      0.0000000,     -0.0000345
    558.8626356,      0.0000000,   -558.8627089
     -0.0000691,      0.0000000,   -790.3511706
      0.0000000,      0.0000000,    793.6789298
    561.2157656,      0.0000000,    561.2157411
    793.6789298,      0.0000000,     -0.0000347
    561.2157165,      0.0000000,   -561.2157901
     -0.0000694,      0.0000000,   -793.6789298
      0.0000000,      0.0000000,    797.0066890
    563.5688467,      0.0000000,    563.5688221
    797.0066890,      0.0000000,     -0.0000348
    563.5687975,      0.0000000,   -563.5688714
     -0.0000697,      0.0000000,   -797.0066890
      0.0000000,      0.0000000,    800.3344482
    565.9219279,      0.0000000,    565.9219031
    800.3344482,      0.0000000,     -0.0000350
    565.9218784,      0.0000000,   -565.9219526
     -0.0000700,      0.0000000,   -800.3344482
      0.0000000,      0.0000000,    803.6622074
    568.2750090,      0.0000000,    568.2749842
    803.6622074,      0.0000000,     -0.0000351
    568.2749593,      0.0000000,   -568.2750339
     -0.0000703,      0.0000000,   -803.6622074
      0.0000000,      0.0000000,    806.9899666
    570.6280902,      0.0000000,    570.6280652
    806.9899666,      0.0000000,     -0.0000353
    570.6280403,      0.0000000,   -570.6281151
     -0.0000705,      0.0000000,   -806.9899666
      0.0000000,      0.0000000,    810.3177258
    572.9811713,      0.0000000,    572.9811463
    810.3177258,      0.0000000,     -0.0000354
    572.9811212,      0.0000000,   -572.9811964
     -0.0000708,      0.0000000,   -810.3177258
      0.0000000,      0.0000000,    813.6454849
    575.3342525,      0.0000000,    575.3342273
    813.6454849,      0.0000000,     -0.0000356
    575.3342022,      0.0000000,   -575.3342776
     -0.0000711,      0.0000000,   -813.6454849
      0.0000000,      0.0000000,    816.9732441
    577.6873336,      0.0000000,    577.6873084
    816.9732441,      0.0000000,     -0.0000357
    577.6872831,      0.0000000,   -577.6873589
     -0.0000714,      0.0000000,   -816.9732441
      0.0000000,      0.0000000,    820.3010033
    580.0404148,      0.0000000,    580.0403894
    820.3010033,      0.0000000,     -0.0000359
    580.0403640,      0.0000000,   -580.0404401
     -0.0000717,      0.0000000,   -820.3010033
      0.0000000,      0.0000000,    823.6287625
    582.3934959,      0.0000000,    582.3934704
    823.6287625,      0.0000000,     -0.0000360
    582.3934450,      0.0000000,   -582.3935214
     -0.0000720,      0.0000000,   -823.6287625
      0.0000000,      0.0000000,    826.9565217
    584.7465770,      0.0000000,    584.7465515
    826.9565217,      0.0000000,     -0.0000361
    584.7465259,      0.0000000,   -584.7466026
     -0.0000723,      0.0000000,   -826.9565217
      0.0000000,      0.0000000,    830.2842809
    587.0996582,      0.0000000,    587.0996325
    830.2842809,      0.0000000,     -0.0000363
    587.0996069,      0.0000000,   -587.0996839
     -0.0000726,      0.0000000,   -830.2842809
      0.0000000,      0.0000000,    833.6120401
    589.4527393,      0.0000000,    589.4527136
    833.6120401,      0.0000000,     -0.0000364
    589.4526878,      0.0000000,   -589.4527651
     -0.0000729,      0.0000000,   -833.6120401
      0.0000000,      0.0000000,    836.9397993
    591.8058205,      0.0000000,    591.8057946
    836.9397993,      0.0000000,     -0.0000366
    591.8057687,      0.0000000,   -591.8058464
     -0.0000732,      0.0000000,   -836.9397993
      0.0000000,      0.0000000,    840.2675585
    594.1589016,      0.0000000,    594.1588757
    840.2675585,      0.0000000,     -0.0000367
    594.1588497,      0.0000000,   -594.1589276
     -0.0000735,      0.0000000,   -840.2675585
      0.0000000,      0.0000000,    843.5953177
    596.5119828,      0.0000000,    596.5119567
    843.5953177,      0.0000000,     -0.0000369
    596.5119306,      0.0000000,   -596.5120089
     -0.0000737,      0.0000000,   -843.5953177
      0.0000000,      0.0000000,    846.9230769
    598.8650639,      0.0000000,    598.8650377
    846.9230769,      0.0000000,     -0.0000370
    598.8650116,      0.0000000,   -598.8650901
     -0.0000740,      0.0000000,   -846.9230769
      0.0000000,      0.0000000,    850.2508361
    601.2181451,      0.0000000,    601.2181188
    850.2508361,      0.0000000,     -0.0000372
    601.2180925,      0.0000000,   -601.2181714
     -0.0000743,      0.0000000,   -850.2508361
      0.0000000,      0.0000000,    853.5785953
    603.5712262,      0.0000000,    603.5711998
    853.5785953,      0.0000000,     -0.0000373
    603.5711735,      0.0000000,   -603.5712526
     -0.0000746,      0.0000000,   -853.5785953
      0.0000000,      0.0000000,    856.9063545
    605.9243074,      0.0000000,    605.9242809
    856.9063545,      0.0000000,     -0.0000375
    605.9242544,      0.0000000,   -605.9243338
     -0.0000749,      0.0000000,   -856.9063545
      0.0000000,      0.0000000,    860.2341137
    608.2773885,      0.0000000,    608.2773619
    860.2341137,      0.0000000,     -0.0000376
    608.2773353,      0.0000000,   -608.2774151
     -0.0000752,      0.0000000,   -860.2341137
      0.0000000,      0.0000000,    863.5618729
    610.6304697,      0.0000000,    610.6304430
    863.5618729,      0.0000000,     -0.0000377
    610.6304163,      0.0000000,   -610.6304963
     -0.0000755,      0.0000000,   -863.5618729
      0.0000000,      0.0000000,    866.8896321
    612.9835508,      0.0000000,    612.9835240
    866.8896321,      0.0000000,     -0.0000379
    612.9834972,      0.0000000,   -612.9835776
     -0.0000758,      0.0000000,   -866.8896321
      0.0000000,      0.0000000,    870.2173913
    615.3366319,      0.0000000,    615.3366050
    870.2173913,      0.0000000,     -0.0000380
    615.3365782,      0.0000000,   -615.3366588
     -0.0000761,      0.0000000,   -870.2173913
      0.0000000,      0.0000000,    873.5451505
    617.6897131,      0.0000000,    617.6896861
    873.5451505,      0.0000000,     -0.0000382
    617.6896591,      0.0000000,   -617.6897401
     -0.0000764,      0.0000000,   -873.5451505
      0.0000000,      0.0000000,    876.8729097
    620.0427942,      0.0000000,    620.0427671
    876.8729097,      0.0000000,     -0.0000383
    620.0427400,      0.0000000,   -620.0428213
     -0.0000767,      0.0000000,   -876.8729097
      0.0000000,      0.0000000,    880.2006689
    622.3958754,      0.0000000,    622.3958482
    880.2006689,      0.0000000,     -0.0000385
    622.3958210,      0.0000000,   -622.3959026
     -0.0000769,      0.0000000,   -880.2006689
      0.0000000,      0.0000000,    883.5284281
    624.7489565,      0.0000000,    624.7489292
    883.5284281,      0.0000000,     -0.0000386
    624.7489019,      0.0000000,   -624.7489838
     -0.0000772,      0.0000000,   -883.5284281
      0.0000000,      0.0000000,    886.8561873
    627.1020377,      0.0000000,    627.1020103
    886.8561873,      0.0000000,     -0.0000388
    627.1019829,      0.0000000,   -627.1020651
     -0.0000775,      0.0000000,   -886.8561873
      0.0000000,      0.0000000,    890.1839465
    629.4551188,      0.0000000,    629.4550913
    890.1839465,      0.0000000,     -0.0000389
    629.4550638,      0.0000000,   -629.4551463
     -0.0000778,      0.0000000,   -890.1839465
      0.0000000,      0.0000000,    893.5117057
    631.8082000,      0.0000000,    631.8081724
    893.5117057,      0.0000000,     -0.0000391
    631.8081447,      0.0000000,   -631.8082276
     -0.0000781,      0.0000000,   -893.5117057
      0.0000000,      0.0000000,    896.8394649
    634.1612811,      0.0000000,    634.1612534
    896.8394649,      0.0000000,     -0.0000392
    634.1612257,      0.0000000,   -634.1613088
     -0.0000784,      0.0000000,   -896.8394649
      0.0000000,      0.0000000,    900.1672241
    636.5143623,      0.0000000,    636.5143344
    900.1672241,      0.0000000,     -0.0000393
    636.5143066,      0.0000000,   -636.5143901
     -0.0000787,      0.0000000,   -900.1672241
      0.0000000,      0.0000000,    903.4949833
    638.8674434,      0.0000000,    638.8674155
    903.4949833,      0.0000000,     -0.0000395
    638.8673876,      0.0000000,   -638.8674713
     -0.0000790,      0.0000000,   -903.4949833
      0.0000000,      0.0000000,    906.8227425
    641.2205246,      0.0000000,    641.2204965
    906.8227425,      0.0000000,     -0.0000396
    641.2204685,      0.0000000,   -641.2205526
     -0.0000793,      0.0000000,   -906.8227425
      0.0000000,      0.0000000,    910.1505017
    643.5736057,      0.0000000,    643.5735776
    910.1505017,      0.0000000,     -0.0000398
    643.5735494,      0.0000000,   -643.5736338
     -0.0000796,      0.0000000,   -910.1505017
      0.0000000,      0.0000000,    913.4782609
    645.9266868,      0.0000000,    645.9266586
    913.4782609,      0.0000000,     -0.0000399
    645.9266304,      0.0000000,   -645.9267151
     -0.0000799,      0.0000000,   -913.4782609
      0.0000000,      0.0000000,    916.8060201
    648.2797680,      0.0000000,    648.2797397
    916.8060201,      0.0000000,     -0.0000401
    648.2797113,      0.0000000,   -648.2797963
     -0.0000801,      0.0000000,   -916.8060201
      0.0000000,      0.0000000,    920.1337793
    650.6328491,      0.0000000,    650.6328207
    920.1337793,      0.0000000,     -0.0000402
    650.6327923,      0.0000000,   -650.6328776
     -0.0000804,      0.0000000,   -920.1337793
      0.0000000,      0.0000000,    923.4615385
    652.9859303,      0.0000000,    652.9859017
    923.4615385,      0.0000000,     -0.0000404
    652.9858732,      0.0000000,   -652.9859588
     -0.0000807,      0.0000000,   -923.4615385
      0.0000000,      0.0000000,    926.7892977
    655.3390114,      0.0000000,    655.3389828
    926.7892977,      0.0000000,     -0.0000405
    655.3389541,      0.0000000,   -655.3390401
     -0.0000810,      0.0000000,   -926.7892977
      0.0000000,      0.0000000,    930.1170569
    657.6920926,      0.0000000,    657.6920638
    930.1170569,      0.0000000,     -0.0000407
    657.6920351,      0.0000000,   -657.6921213
     -0.0000813,      0.0000000,   -930.1170569
      0.0000000,      0.0000000,    933.4448161
    660.0451737,      0.0000000,    660.0451449
    933.4448161,      0.0000000,     -0.0000408
    660.0451160,      0.0000000,   -660.0452026
     -0.0000816,      0.0000000,   -933.4448161
      0.0000000,      0.0000000,    936.7725753
    662.3982549,      0.0000000,    662.3982259
    936.7725753,      0.0000000,     -0.0000409
    662.3981970,      0.0000000,   -662.3982838
     -0.0000819,      0.0000000,   -936.7725753
      0.0000000,      0.0000000,    940.1003344
    664.7513360,      0.0000000,    664.7513070
    940.1003344,      0.0000000,     -0.0000411
    664.7512779,      0.0000000,   -664.7513651
     -0.0000822,      0.0000000,   -940.1003344
      0.0000000,      0.0000000,    943.4280936
    667.1044172,      0.0000000,    667.1043880
    943.4280936,      0.0000000,     -0.0000412
    667.1043588,      0.0000000,   -667.1044463
     -0.0000825,      0.0000000,   -943.4280936
      0.0000000,      0.0000000,    946.7558528
    669.4574983,      0.0000000,    669.4574690
    946.7558528,      0.0000000,     -0.0000414
    669.4574398,      0.0000000,   -669.4575276
     -0.0000828,      0.0000000,   -946.7558528
      0.0000000,      0.0000000,    950.0836120
    671.8105795,      0.0000000,    671.8105501
    950.0836120,      0.0000000,     -0.0000415
    671.8105207,      0.0000000,   -671.8106088
     -0.0000831,      0.0000000,   -950.0836120
      0.0000000,      0.0000000,    953.4113712
    674.1636606,      0.0000000,    674.1636311
    953.4113712,      0.0000000,     -0.0000417
    674.1636017,      0.0000000,   -674.1636901
     -0.0000833,      0.0000000,   -953.4113712
      0.0000000,      0.0000000,    956.7391304
    676.5167417,      0.0000000,    676.5167122
    956.7391304,      0.0000000,     -0.0000418
    676.5166826,      0.0000000,   -676.5167713
     -0.0000836,      0.0000000,   -956.7391304
      0.0000000,      0.0000000,    960.0668896
    678.8698229,      0.0000000,    678.8697932
    960.0668896,      0.0000000,     -0.0000420
    678.8697635,      0.0000000,   -678.8698526
     -0.0000839,      0.0000000,   -960.0668896
      0.0000000,      0.0000000,    963.3946488
    681.2229040,      0.0000000,    681.2228743
    963.3946488,      0.0000000,     -0.0000421
    681.2228445,      0.0000000,   -681.2229338
     -0.0000842,      0.0000000,   -963.3946488
      0.0000000,      0.0000000,    966.7224080
    683.5759852,      0.0000000,    683.5759553
    966.7224080,      0.0000000,     -0.0000423
    683.5759254,      0.0000000,   -683.5760151
     -0.0000845,      0.0000000,   -966.7224080
      0.0000000,      0.0000000,    970.0501672
    685.9290663,      0.0000000,    685.9290363
    970.0501672,      0.0000000,     -0.0000424
    685.9290064,      0.0000000,   -685.9290963
     -0.0000848,      0.0000000,   -970.0501672
      0.0000000,      0.0000000,    973.3779264
    688.2821475,      0.0000000,    688.2821174
    973.3779264,      0.0000000,     -0.0000425
    688.2820873,      0.0000000,   -688.2821776
     -0.0000851,      0.0000000,   -973.3779264
      0.0000000,      0.0000000,    976.7056856
    690.6352286,      0.0000000,    690.6351984
    976.7056856,      0.0000000,     -0.0000427
    690.6351682,      0.0000000,   -690.6352588
     -0.0000854,      0.0000000,   -976.7056856
      0.0000000,      0.0000000,    980.0334448
    692.9883098,      0.0000000,    692.9882795
    980.0334448,      0.0000000,     -0.0000428
    692.9882492,      0.0000000,   -692.9883401
     -0.0000857,      0.0000000,   -980.0334448
      0.0000000,      0.0000000,    983.3612040
    695.3413909,      0.0000000,    695.3413605
    983.3612040,      0.0000000,     -0.0000430
    695.3413301,      0.0000000,   -695.3414213
     -0.0000860,      0.0000000,   -983.3612040
      0.0000000,      0.0000000,    986.6889632
    697.6944721,      0.0000000,    697.6944416
    986.6889632,      0.0000000,     -0.0000431
    697.6944111,      0.0000000,   -697.6945026
     -0.0000863,      0.0000000,   -986.6889632
      0.0000000,      0.0000000,    990.0167224
    700.0475532,      0.0000000,    700.0475226
    990.0167224,      0.0000000,     -0.0000433
    700.0474920,      0.0000000,   -700.0475838
     -0.0000866,      0.0000000,   -990.0167224
      0.0000000,      0.0000000,    993.3444816
    702.4006343,      0.0000000,    702.4006036
    993.3444816,      0.0000000,     -0.0000434
    702.4005729,      0.0000000,   -702.4006651
     -0.0000868,      0.0000000,   -993.3444816
      0.0000000,      0.0000000,    996.6722408
    704.7537155,      0.0000000,    704.7536847
    996.6722408,      0.0000000,     -0.0000436
    704.7536539,      0.0000000,   -704.7537463
     -0.0000871,      0.0000000,   -996.6722408
      0.0000000,      0.0000000,   1000.0000000
    707.1067966,      0.0000000,    707.1067657
   1000.0000000,      0.0000000,     -0.0000437
    707.1067348,      0.0000000,   -707.1068275
     -0.0000874,      0.0000000,  -1000.0000000
